4 5 38 190 209 220 220 220
4 5 38 209 209 209 209 220
4 5 39 170 204 221 221 221
4 5 39 182 195 208 224 224
4 5 39 195 204 204 204 221
4 5 39 195 208 208 208 208
4 5 40 140 224 224 224 224
4 5 40 152 209 220 220 220
4 5 40 160 210 210 210 224
4 5 40 165 198 216 216 216
4 5 40 168 210 210 210 210
4 5 40 171 190 216 216 216
4 5 40 175 200 210 210 210
4 5 40 176 176 220 220 220
4 5 40 180 180 216 216 216
4 5 40 180 189 210 210 216
4 5 40 182 195 208 208 210
4 5 40 195 195 195 208 208
4 5 40 200 200 200 200 200
4 5 41 164 205 205 205 205
4 5 42 120 224 224 224 224
4 5 42 130 208 210 224 224
4 5 42 132 210 210 220 220
4 5 42 135 210 210 216 216
4 5 42 140 210 210 210 210
4 5 42 143 195 210 210 220
4 5 42 144 180 210 224 224
4 5 42 147 196 210 210 210
4 5 42 148 185 210 210 222
4 5 42 150 200 200 210 210
4 5 42 154 165 220 220 220
4 5 42 154 180 198 220 220
4 5 42 154 187 204 204 220
4 5 42 154 198 198 198 220
4 5 42 156 182 210 210 210
4 5 42 156 195 195 210 210
4 5 42 160 160 210 224 224
4 5 42 160 168 210 210 224
4 5 42 160 175 200 210 224
4 5 42 160 180 189 216 224
4 5 42 160 192 192 210 210
4 5 42 161 180 207 207 210
4 5 42 165 165 210 210 220
4 5 42 165 180 198 210 210
4 5 42 168 168 210 210 210
4 5 42 168 175 200 210 210
4 5 42 168 180 189 210 216
4 5 42 168 182 195 208 208
4 5 42 170 170 204 210 210
4 5 42 171 180 190 210 210
4 5 42 175 175 200 200 210
4 5 42 175 180 189 200 216
4 5 42 180 180 180 210 210
4 5 42 180 189 189 189 210
4 5 43 172 172 172 215 215
4 5 44 110 220 220 220 220
4 5 44 120 198 216 216 216
4 5 44 126 198 210 210 210
4 5 44 130 176 208 220 220
4 5 44 132 165 220 220 220
4 5 44 132 180 198 220 220
4 5 44 132 187 204 204 220
4 5 44 132 198 198 198 220
4 5 44 135 165 216 216 220
4 5 44 135 180 198 216 216
4 5 44 135 189 198 210 210
4 5 44 140 154 220 220 220
4 5 44 140 165 210 210 220
4 5 44 140 180 198 210 210
4 5 44 143 165 195 220 220
4 5 44 143 170 187 221 221
4 5 44 143 180 195 198 220
4 5 44 143 187 195 204 204
4 5 44 143 195 198 198 198
4 5 44 144 176 180 220 220
4 5 44 144 176 198 198 220
4 5 44 147 165 196 210 220
4 5 44 147 180 196 198 210
4 5 44 148 165 185 220 222
4 5 44 148 180 185 198 222
4 5 44 150 165 200 200 220
4 5 44 150 180 198 200 200
4 5 44 152 152 209 209 220
4 5 44 152 176 176 209 220
4 5 44 153 170 198 204 204
4 5 44 154 154 210 210 210
4 5 44 156 165 182 210 220
4 5 44 156 165 195 195 220
4 5 44 156 180 182 198 210
4 5 44 156 180 195 195 198
4 5 44 160 160 176 220 220
4 5 44 160 165 168 220 224
4 5 44 160 165 192 192 220
4 5 44 160 168 180 198 224
4 5 44 160 180 192 192 198
4 5 44 165 165 165 220 220
4 5 44 165 165 180 198 220
4 5 44 165 165 187 204 204
4 5 44 165 165 198 198 198
4 5 44 165 168 168 210 220
4 5 44 165 168 175 200 220
4 5 44 165 170 170 204 220
4 5 44 165 171 180 190 220
4 5 44 165 171 190 198 198
4 5 44 165 180 180 180 220
4 5 44 165 180 180 198 198
4 5 44 168 168 180 198 210
4 5 44 168 175 180 198 200
4 5 44 170 170 180 198 204
4 5 44 170 187 187 187 187
4 5 44 171 171 190 190 198
4 5 44 171 180 180 190 198
4 5 44 176 176 176 176 220
4 5 44 180 180 180 180 198
4 5 45 108 216 216 216 216
4 5 45 110 198 220 220 220
4 5 45 112 189 216 224 224
4 5 45 117 182 208 224 224
4 5 45 117 204 204 204 221
4 5 45 117 208 208 208 208
4 5 45 120 180 216 216 216
4 5 45 120 189 210 210 216
4 5 45 126 168 216 216 216
4 5 45 126 180 210 210 210
4 5 45 126 189 189 216 216
4 5 45 130 176 198 208 220
4 5 45 132 165 198 220 220
4 5 45 132 171 190 220 220
4 5 45 132 171 209 209 209
4 5 45 132 180 180 220 220
4 5 45 132 180 198 198 220
4 5 45 132 187 198 204 204
4 5 45 132 198 198 198 198
4 5 45 135 165 198 216 216
4 5 45 135 171 190 216 216
4 5 45 135 180 180 216 216
4 5 45 135 180 189 210 210
4 5 45 136 153 216 216 216
4 5 45 138 184 184 207 207
4 5 45 140 144 210 224 224
4 5 45 140 154 198 220 220
4 5 45 140 160 189 216 224
4 5 45 140 161 207 207 210
4 5 45 140 165 198 210 210
4 5 45 140 168 189 210 216
4 5 45 140 171 190 210 210
4 5 45 140 175 189 200 216
4 5 45 140 180 180 210 210
4 5 45 140 189 189 189 210
4 5 45 143 165 195 198 220
4 5 45 143 171 190 195 220
4 5 45 143 180 180 195 220
4 5 45 143 180 195 198 198
4 5 45 144 144 216 216 216
4 5 45 144 147 196 224 224
4 5 45 144 156 182 224 224
4 5 45 144 156 208 208 208
4 5 45 144 165 176 220 220
4 5 45 144 168 168 224 224
4 5 45 144 168 192 192 224
4 5 45 144 176 180 198 220
4 5 45 144 176 187 204 204
4 5 45 144 176 198 198 198
4 5 45 144 192 192 192 192
4 5 45 147 161 196 207 207
4 5 45 147 165 196 198 210
4 5 45 147 168 189 196 216
4 5 45 147 171 190 196 210
4 5 45 147 180 180 196 210
4 5 45 147 189 189 189 196
4 5 45 148 165 185 198 222
4 5 45 148 171 185 190 222
4 5 45 148 180 180 185 222
4 5 45 150 165 198 200 200
4 5 45 150 171 190 200 200
4 5 45 150 180 180 200 200
4 5 45 152 152 198 209 209
4 5 45 152 154 189 209 216
4 5 45 152 176 176 198 209
4 5 45 153 153 204 204 204
4 5 45 153 170 180 204 204
4 5 45 154 176 176 189 216
4 5 45 156 161 182 207 207
4 5 45 156 165 182 198 210
4 5 45 156 165 195 195 198
4 5 45 156 168 182 189 216
4 5 45 156 171 182 190 210
4 5 45 156 171 190 195 195
4 5 45 156 180 180 182 210
4 5 45 156 180 180 195 195
4 5 45 156 182 189 189 189
4 5 45 160 160 176 198 220
4 5 45 160 165 168 198 224
4 5 45 160 165 192 192 198
4 5 45 160 168 171 190 224
4 5 45 160 168 180 180 224
4 5 45 160 171 190 192 192
4 5 45 160 180 180 192 192
4 5 45 161 161 184 189 216
4 5 45 161 168 168 207 207
4 5 45 162 162 162 216 216
4 5 45 165 165 165 198 220
4 5 45 165 165 171 190 220
4 5 45 165 165 180 180 220
4 5 45 165 165 180 198 198
4 5 45 165 168 168 198 210
4 5 45 165 168 175 198 200
4 5 45 165 170 170 198 204
4 5 45 165 171 180 190 198
4 5 45 165 180 180 180 198
4 5 45 168 168 168 189 216
4 5 45 168 168 171 190 210
4 5 45 168 168 180 180 210
4 5 45 168 168 189 189 189
4 5 45 168 171 175 190 200
4 5 45 168 175 180 180 200
4 5 45 170 170 171 190 204
4 5 45 170 170 180 180 204
4 5 45 171 171 180 190 190
4 5 45 171 180 180 180 190
4 5 45 176 176 176 176 198
4 5 45 180 180 180 180 180
4 5 46 120 184 207 207 207
4 5 48 96 210 210 210 224
4 5 48 102 195 204 208 221
4 5 48 104 182 195 224 224
4 5 48 104 195 208 208 208
4 5 48 105 160 224 224 224
4 5 48 105 168 210 224 224
4 5 48 105 175 200 224 224
4 5 48 105 192 192 210 224
4 5 48 108 176 198 216 220
4 5 48 112 160 210 210 224
4 5 48 112 168 210 210 210
4 5 48 112 175 200 210 210
4 5 48 112 180 189 210 216
4 5 48 112 182 195 208 208
4 5 48 117 180 182 208 210
4 5 48 117 180 195 195 208
4 5 48 119 168 170 224 224
4 5 48 119 170 192 192 224
4 5 48 120 140 210 224 224
4 5 48 120 144 216 216 216
4 5 48 120 147 196 224 224
4 5 48 120 156 182 224 224
4 5 48 120 156 208 208 208
4 5 48 120 165 176 220 220
4 5 48 120 168 168 224 224
4 5 48 120 168 192 192 224
4 5 48 120 176 180 198 220
4 5 48 120 176 187 204 204
4 5 48 120 176 198 198 198
4 5 48 120 192 192 192 192
4 5 48 126 144 210 210 210
4 5 48 126 168 176 198 220
4 5 48 130 132 208 220 220
4 5 48 130 135 208 216 216
4 5 48 130 140 208 210 210
4 5 48 130 143 195 208 220
4 5 48 130 147 196 208 210
4 5 48 130 148 185 208 222
4 5 48 130 150 200 200 208
4 5 48 130 156 182 208 210
4 5 48 130 156 195 195 208
4 5 48 130 160 168 208 224
4 5 48 130 160 192 192 208
4 5 48 130 165 165 208 220
4 5 48 130 165 180 198 208
4 5 48 130 168 168 208 210
4 5 48 130 168 175 200 208
4 5 48 130 170 170 204 208
4 5 48 130 171 180 190 208
4 5 48 130 180 180 180 208
4 5 48 132 144 180 220 220
4 5 48 132 144 198 198 220
4 5 48 132 152 176 209 220
4 5 48 132 160 160 220 220
4 5 48 132 176 176 176 220
4 5 48 135 144 180 216 216
4 5 48 135 144 189 210 210
4 5 48 135 160 160 216 216
4 5 48 136 136 195 208 221
4 5 48 136 153 176 198 220
4 5 48 136 170 176 187 204
4 5 48 140 140 168 224 224
4 5 48 140 140 192 192 224
4 5 48 140 144 180 210 210
4 5 48 140 160 160 210 210
4 5 48 143 144 180 195 220
4 5 48 143 144 195 198 198
4 5 48 143 152 176 195 209
4 5 48 143 156 156 208 220
4 5 48 143 160 160 195 220
4 5 48 143 176 176 176 195
4 5 48 144 144 176 198 220
4 5 48 144 147 180 196 210
4 5 48 144 148 180 185 222
4 5 48 144 150 180 200 200
4 5 48 144 153 170 204 204
4 5 48 144 156 180 182 210
4 5 48 144 156 180 195 195
4 5 48 144 160 168 180 224
4 5 48 144 160 180 192 192
4 5 48 144 165 165 180 220
4 5 48 144 165 165 198 198
4 5 48 144 165 171 190 198
4 5 48 144 165 180 180 198
4 5 48 144 168 168 180 210
4 5 48 144 168 175 180 200
4 5 48 144 170 170 180 204
4 5 48 144 171 171 190 190
4 5 48 144 171 180 180 190
4 5 48 144 180 180 180 180
4 5 48 147 160 160 196 210
4 5 48 148 160 160 185 222
4 5 48 150 160 160 200 200
4 5 48 152 165 165 176 209
4 5 48 154 154 168 176 220
4 5 48 156 156 156 195 208
4 5 48 156 160 160 182 210
4 5 48 156 160 160 195 195
4 5 48 160 160 160 168 224
4 5 48 160 160 160 192 192
4 5 48 160 160 165 165 220
4 5 48 160 160 165 180 198
4 5 48 160 160 168 168 210
4 5 48 160 160 168 175 200
4 5 48 160 160 170 170 204
4 5 48 160 160 171 180 190
4 5 48 160 160 180 180 180
4 5 48 165 165 176 176 176
4 5 49 98 196 210 210 210
4 5 49 105 196 196 196 210
4 5 49 119 170 196 196 196
4 5 49 120 168 196 196 196
4 5 49 140 140 196 196 196
4 5 50 88 200 220 220 220
4 5 50 90 200 216 216 216
4 5 50 100 175 210 210 210
4 5 50 100 200 200 200 200
4 5 50 104 182 195 200 210
4 5 50 104 195 195 195 200
4 5 50 105 160 200 210 224
4 5 50 105 168 200 210 210
4 5 50 105 175 200 200 210
4 5 50 105 180 189 200 216
4 5 50 108 165 198 200 216
4 5 50 108 171 190 200 216
4 5 50 108 180 180 200 216
4 5 50 110 152 200 209 220
4 5 50 110 176 176 200 220
4 5 50 112 140 200 224 224
4 5 50 115 184 184 184 200
4 5 50 119 160 170 200 224
4 5 50 119 168 170 200 210
4 5 50 119 170 175 200 200
4 5 50 120 132 200 220 220
4 5 50 120 135 200 216 216
4 5 50 120 140 200 210 210
4 5 50 120 143 195 200 220
4 5 50 120 147 196 200 210
4 5 50 120 148 185 200 222
4 5 50 120 150 200 200 200
4 5 50 120 156 182 200 210
4 5 50 120 156 195 195 200
4 5 50 120 160 168 200 224
4 5 50 120 160 192 192 200
4 5 50 120 165 165 200 220
4 5 50 120 165 180 198 200
4 5 50 120 168 168 200 210
4 5 50 120 168 175 200 200
4 5 50 120 170 170 200 204
4 5 50 120 171 180 190 200
4 5 50 120 180 180 180 200
4 5 50 126 140 189 200 216
4 5 50 126 165 168 198 200
4 5 50 126 168 171 190 200
4 5 50 126 168 180 180 200
4 5 50 130 130 200 208 208
4 5 50 130 144 180 200 208
4 5 50 130 160 160 200 208
4 5 50 132 150 150 220 220
4 5 50 132 152 165 200 209
4 5 50 132 165 176 176 200
4 5 50 135 135 180 200 216
4 5 50 135 150 150 216 216
4 5 50 136 153 165 198 200
4 5 50 136 153 171 190 200
4 5 50 136 153 180 180 200
4 5 50 136 170 170 170 200
4 5 50 140 140 160 200 224
4 5 50 140 140 168 200 210
4 5 50 140 140 175 200 200
4 5 50 140 147 168 196 200
4 5 50 140 150 150 210 210
4 5 50 140 150 175 175 210
4 5 50 140 152 154 200 209
4 5 50 140 154 176 176 200
4 5 50 140 156 168 182 200
4 5 50 140 161 161 184 200
4 5 50 140 168 168 168 200
4 5 50 140 175 175 175 175
4 5 50 143 150 150 195 220
4 5 50 144 144 165 198 200
4 5 50 144 144 171 190 200
4 5 50 144 144 180 180 200
4 5 50 144 160 160 180 200
4 5 50 147 150 150 196 210
4 5 50 147 150 175 175 196
4 5 50 148 150 150 185 222
4 5 50 150 150 150 200 200
4 5 50 150 150 156 182 210
4 5 50 150 150 156 195 195
4 5 50 150 150 160 168 224
4 5 50 150 150 160 192 192
4 5 50 150 150 165 165 220
4 5 50 150 150 165 180 198
4 5 50 150 150 168 168 210
4 5 50 150 150 168 175 200
4 5 50 150 150 170 170 204
4 5 50 150 150 171 180 190
4 5 50 150 150 180 180 180
4 5 50 150 156 175 175 182
4 5 50 150 168 168 175 175
4 5 50 152 152 152 190 200
4 5 50 154 154 165 168 200
4 5 50 160 160 160 160 200
4 5 51 99 187 187 198 220
4 5 51 102 143 220 221 221
4 5 51 102 156 195 221 221
4 5 51 102 170 204 204 204
4 5 51 102 187 187 187 220
4 5 51 110 165 187 187 220
4 5 51 110 180 187 187 198
4 5 51 117 153 170 204 221
4 5 51 117 170 170 180 221
4 5 51 120 136 204 204 204
4 5 51 120 152 187 187 209
4 5 51 120 176 176 187 187
4 5 51 130 156 170 170 221
4 5 51 132 132 187 187 220
4 5 51 132 143 187 187 195
4 5 51 132 153 170 187 198
4 5 51 132 165 165 187 187
4 5 51 136 136 170 204 204
4 5 51 140 154 165 187 187
4 5 51 144 153 170 176 187
4 5 51 153 153 153 170 204
4 5 51 153 153 170 170 180
4 5 52 84 195 208 224 224
4 5 52 91 182 210 210 210
4 5 52 91 195 195 210 210
4 5 52 96 168 195 208 224
4 5 52 96 192 192 195 208
4 5 52 99 176 195 198 208
4 5 52 102 143 204 220 221
4 5 52 102 156 195 204 221
4 5 52 102 176 187 195 208
4 5 52 104 143 208 208 220
4 5 52 104 156 195 208 208
4 5 52 105 182 182 182 210
4 5 52 105 182 182 195 195
4 5 52 108 144 195 208 216
4 5 52 110 165 176 195 208
4 5 52 112 140 195 208 210
4 5 52 112 143 182 208 220
4 5 52 112 147 195 196 208
4 5 52 112 156 182 195 208
4 5 52 112 168 168 195 208
4 5 52 117 120 216 216 216
4 5 52 117 126 210 210 210
4 5 52 117 132 180 220 220
4 5 52 117 132 198 198 220
4 5 52 117 135 180 216 216
4 5 52 117 135 189 210 210
4 5 52 117 140 180 210 210
4 5 52 117 143 180 195 220
4 5 52 117 143 195 198 198
4 5 52 117 144 176 198 220
4 5 52 117 147 180 196 210
4 5 52 117 148 180 185 222
4 5 52 117 150 180 200 200
4 5 52 117 153 170 204 204
4 5 52 117 156 180 182 210
4 5 52 117 156 180 195 195
4 5 52 117 160 168 180 224
4 5 52 117 160 180 192 192
4 5 52 117 165 165 180 220
4 5 52 117 165 165 198 198
4 5 52 117 165 171 190 198
4 5 52 117 165 180 180 198
4 5 52 117 168 168 180 210
4 5 52 117 168 175 180 200
4 5 52 117 170 170 180 204
4 5 52 117 171 171 190 190
4 5 52 117 171 180 180 190
4 5 52 117 180 180 180 180
4 5 52 119 170 182 182 182
4 5 52 120 130 195 208 208
4 5 52 120 144 180 195 208
4 5 52 120 156 156 208 208
4 5 52 120 160 160 195 208
4 5 52 120 168 182 182 182
4 5 52 126 144 168 195 208
4 5 52 128 128 192 195 208
4 5 52 130 130 182 195 210
4 5 52 130 130 195 195 195
4 5 52 130 132 156 220 220
4 5 52 130 135 156 216 216
4 5 52 130 140 156 210 210
4 5 52 130 143 143 220 220
4 5 52 130 143 156 195 220
4 5 52 130 147 156 196 210
4 5 52 130 148 156 185 222
4 5 52 130 150 156 200 200
4 5 52 130 156 156 182 210
4 5 52 130 156 156 195 195
4 5 52 130 156 160 168 224
4 5 52 130 156 160 192 192
4 5 52 130 156 165 165 220
4 5 52 130 156 165 180 198
4 5 52 130 156 168 168 210
4 5 52 130 156 168 175 200
4 5 52 130 156 170 170 204
4 5 52 130 156 171 180 190
4 5 52 130 156 180 180 180
4 5 52 132 132 176 195 208
4 5 52 136 136 143 220 221
4 5 52 136 136 156 195 221
4 5 52 136 144 153 195 208
4 5 52 140 140 182 182 182
4 5 52 143 156 156 156 220
4 5 52 144 144 144 195 208
4 5 52 156 156 156 156 195
4 5 54 80 189 210 224 224
4 5 54 84 180 210 216 216
4 5 54 84 189 210 210 210
4 5 54 85 180 204 216 216
4 5 54 85 189 204 210 210
4 5 54 90 165 198 216 216
4 5 54 90 171 190 216 216
4 5 54 90 180 180 216 216
4 5 54 90 180 189 210 210
4 5 54 95 171 171 216 216
4 5 54 96 160 180 216 216
4 5 54 96 160 189 210 210
4 5 54 99 132 216 216 220
4 5 54 99 143 195 216 216
4 5 54 99 154 189 198 220
4 5 54 99 165 165 216 216
4 5 54 100 150 180 216 216
4 5 54 100 150 189 210 210
4 5 54 100 175 175 189 210
4 5 54 102 153 170 216 216
4 5 54 102 154 187 189 220
4 5 54 104 168 182 189 195
4 5 54 105 126 210 216 216
4 5 54 105 132 189 220 220
4 5 54 105 135 189 216 216
4 5 54 105 140 180 216 216
4 5 54 105 140 189 210 210
4 5 54 105 143 189 195 220
4 5 54 105 147 189 196 210
4 5 54 105 148 185 189 222
4 5 54 105 150 189 200 200
4 5 54 105 156 182 189 210
4 5 54 105 156 189 195 195
4 5 54 105 160 168 189 224
4 5 54 105 160 189 192 192
4 5 54 105 165 165 189 220
4 5 54 105 165 180 189 198
4 5 54 105 168 168 189 210
4 5 54 105 168 175 189 200
4 5 54 105 170 170 189 204
4 5 54 105 171 180 189 190
4 5 54 105 180 180 180 189
4 5 54 108 120 216 216 216
4 5 54 108 126 210 210 210
4 5 54 108 132 180 220 220
4 5 54 108 132 198 198 220
4 5 54 108 135 180 216 216
4 5 54 108 135 189 210 210
4 5 54 108 140 180 210 210
4 5 54 108 143 180 195 220
4 5 54 108 143 195 198 198
4 5 54 108 144 176 198 220
4 5 54 108 147 180 196 210
4 5 54 108 148 180 185 222
4 5 54 108 150 180 200 200
4 5 54 108 153 170 204 204
4 5 54 108 156 180 182 210
4 5 54 108 156 180 195 195
4 5 54 108 160 168 180 224
4 5 54 108 160 180 192 192
4 5 54 108 165 165 180 220
4 5 54 108 165 165 198 198
4 5 54 108 165 171 190 198
4 5 54 108 165 180 180 198
4 5 54 108 168 168 180 210
4 5 54 108 168 175 180 200
4 5 54 108 170 170 180 204
4 5 54 108 171 171 190 190
4 5 54 108 171 180 180 190
4 5 54 108 180 180 180 180
4 5 54 110 132 180 216 216
4 5 54 110 132 189 210 210
4 5 54 110 154 165 189 220
4 5 54 110 154 180 189 198
4 5 54 112 120 189 224 224
4 5 54 112 130 189 208 210
4 5 54 112 144 180 189 210
4 5 54 112 160 160 189 210
4 5 54 115 115 207 216 216
4 5 54 116 145 174 189 203
4 5 54 117 117 195 216 216
4 5 54 119 126 170 216 216
4 5 54 119 140 170 189 210
4 5 54 119 147 170 189 196
4 5 54 119 156 170 182 189
4 5 54 119 168 168 170 189
4 5 54 120 120 180 216 216
4 5 54 120 120 189 210 210
4 5 54 120 126 168 216 216
4 5 54 120 126 189 189 216
4 5 54 120 135 165 198 216
4 5 54 120 135 171 190 216
4 5 54 120 135 180 180 216
4 5 54 120 136 153 216 216
4 5 54 120 140 160 189 224
4 5 54 120 140 168 189 210
4 5 54 120 140 175 189 200
4 5 54 120 144 144 216 216
4 5 54 120 147 168 189 196
4 5 54 120 152 154 189 209
4 5 54 120 154 176 176 189
4 5 54 120 156 168 182 189
4 5 54 120 161 161 184 189
4 5 54 120 162 162 162 216
4 5 54 120 168 168 168 189
4 5 54 126 126 180 189 210
4 5 54 126 135 168 180 216
4 5 54 126 135 180 189 189
4 5 54 126 140 140 216 216
4 5 54 126 140 165 189 198
4 5 54 126 140 171 189 190
4 5 54 126 140 180 180 189
4 5 54 130 135 144 208 216
4 5 54 132 132 154 189 220
4 5 54 132 135 135 220 220
4 5 54 132 143 154 189 195
4 5 54 132 154 165 165 189
4 5 54 135 135 135 216 216
4 5 54 135 135 140 210 210
4 5 54 135 135 143 195 220
4 5 54 135 135 147 196 210
4 5 54 135 135 148 185 222
4 5 54 135 135 150 200 200
4 5 54 135 135 156 182 210
4 5 54 135 135 156 195 195
4 5 54 135 135 160 168 224
4 5 54 135 135 160 192 192
4 5 54 135 135 165 165 220
4 5 54 135 135 165 180 198
4 5 54 135 135 168 168 210
4 5 54 135 135 168 175 200
4 5 54 135 135 170 170 204
4 5 54 135 135 171 180 190
4 5 54 135 135 180 180 180
4 5 54 135 136 153 180 216
4 5 54 135 144 144 180 216
4 5 54 135 144 160 160 216
4 5 54 135 162 162 162 180
4 5 54 140 140 140 189 210
4 5 54 140 140 147 189 196
4 5 54 140 140 156 182 189
4 5 54 140 140 168 168 189
4 5 54 140 150 150 175 189
4 5 54 140 154 154 165 189
4 5 55 76 209 209 220 220
4 5 55 77 210 210 210 220
4 5 55 80 176 220 220 220
4 5 55 84 165 210 220 220
4 5 55 84 180 198 210 220
4 5 55 84 187 204 204 210
4 5 55 84 198 198 198 210
4 5 55 85 165 204 220 220
4 5 55 85 180 198 204 220
4 5 55 85 187 204 204 204
4 5 55 85 198 198 198 204
4 5 55 88 152 209 220 220
4 5 55 88 176 176 220 220
4 5 55 90 165 180 220 220
4 5 55 90 165 198 198 220
4 5 55 90 171 190 198 220
4 5 55 90 180 180 198 220
4 5 55 90 180 187 204 204
4 5 55 90 180 198 198 198
4 5 55 95 171 171 198 220
4 5 55 96 154 176 210 224
4 5 55 96 160 165 220 220
4 5 55 96 160 180 198 220
4 5 55 96 160 187 204 204
4 5 55 96 160 198 198 198
4 5 55 99 132 198 220 220
4 5 55 99 135 198 216 216
4 5 55 99 140 198 210 210
4 5 55 99 143 195 198 220
4 5 55 99 144 176 220 220
4 5 55 99 147 196 198 210
4 5 55 99 148 185 198 222
4 5 55 99 150 198 200 200
4 5 55 99 156 182 198 210
4 5 55 99 156 195 195 198
4 5 55 99 160 168 198 224
4 5 55 99 160 192 192 198
4 5 55 99 165 165 198 220
4 5 55 99 165 171 190 220
4 5 55 99 165 180 180 220
4 5 55 99 165 180 198 198
4 5 55 99 168 168 198 210
4 5 55 99 168 175 198 200
4 5 55 99 170 170 198 204
4 5 55 99 171 180 190 198
4 5 55 99 180 180 180 198
4 5 55 100 150 165 220 220
4 5 55 100 150 180 198 220
4 5 55 100 150 187 204 204
4 5 55 100 150 198 198 198
4 5 55 102 132 187 220 220
4 5 55 102 135 187 216 216
4 5 55 102 140 187 210 210
4 5 55 102 143 187 195 220
4 5 55 102 147 187 196 210
4 5 55 102 148 185 187 222
4 5 55 102 150 187 200 200
4 5 55 102 153 170 198 220
4 5 55 102 156 182 187 210
4 5 55 102 156 187 195 195
4 5 55 102 160 168 187 224
4 5 55 102 160 187 192 192
4 5 55 102 165 165 187 220
4 5 55 102 165 180 187 198
4 5 55 102 168 168 187 210
4 5 55 102 168 175 187 200
4 5 55 102 170 170 187 204
4 5 55 102 171 180 187 190
4 5 55 102 180 180 180 187
4 5 55 105 126 198 210 220
4 5 55 105 135 189 198 220
4 5 55 105 140 165 220 220
4 5 55 105 140 180 198 220
4 5 55 105 140 187 204 204
4 5 55 105 140 198 198 198
4 5 55 105 154 154 210 220
4 5 55 108 120 198 216 220
4 5 55 108 135 165 220 220
4 5 55 108 135 180 198 220
4 5 55 108 135 187 204 204
4 5 55 108 135 198 198 198
4 5 55 110 110 220 220 220
4 5 55 110 130 176 208 220
4 5 55 110 132 165 220 220
4 5 55 110 132 180 198 220
4 5 55 110 132 187 204 204
4 5 55 110 132 198 198 198
4 5 55 110 135 165 216 216
4 5 55 110 140 154 220 220
4 5 55 110 140 165 210 210
4 5 55 110 143 165 195 220
4 5 55 110 143 180 195 198
4 5 55 110 144 176 180 220
4 5 55 110 144 176 198 198
4 5 55 110 147 165 196 210
4 5 55 110 148 165 185 222
4 5 55 110 150 165 200 200
4 5 55 110 152 152 209 209
4 5 55 110 152 176 176 209
4 5 55 110 156 165 182 210
4 5 55 110 156 165 195 195
4 5 55 110 160 160 176 220
4 5 55 110 160 165 168 224
4 5 55 110 160 165 192 192
4 5 55 110 165 165 165 220
4 5 55 110 165 165 180 198
4 5 55 110 165 168 168 210
4 5 55 110 165 168 175 200
4 5 55 110 165 170 170 204
4 5 55 110 165 171 180 190
4 5 55 110 165 180 180 180
4 5 55 110 176 176 176 176
4 5 55 112 154 160 176 224
4 5 55 112 154 168 176 210
4 5 55 112 154 175 176 200
4 5 55 115 115 198 207 220
4 5 55 117 117 195 198 220
4 5 55 119 119 187 204 210
4 5 55 119 126 170 198 220
4 5 55 119 136 160 187 224
4 5 55 119 136 168 187 210
4 5 55 119 136 175 187 200
4 5 55 119 154 154 170 220
4 5 55 120 120 165 220 220
4 5 55 120 120 180 198 220
4 5 55 120 120 187 204 204
4 5 55 120 120 198 198 198
4 5 55 120 126 168 198 220
4 5 55 120 132 152 209 220
4 5 55 120 132 176 176 220
4 5 55 120 136 153 198 220
4 5 55 120 136 170 187 204
4 5 55 120 143 152 195 209
4 5 55 120 143 176 176 195
4 5 55 120 144 144 198 220
4 5 55 120 152 165 165 209
4 5 55 120 154 154 168 220
4 5 55 120 165 165 176 176
4 5 55 126 132 154 198 210
4 5 55 126 140 140 198 220
4 5 55 126 144 154 176 210
4 5 55 130 132 165 176 208
4 5 55 130 140 154 176 208
4 5 55 132 132 132 220 220
4 5 55 132 132 135 216 216
4 5 55 132 132 140 210 210
4 5 55 132 132 143 195 220
4 5 55 132 132 147 196 210
4 5 55 132 132 148 185 222
4 5 55 132 132 150 200 200
4 5 55 132 132 156 182 210
4 5 55 132 132 156 195 195
4 5 55 132 132 160 168 224
4 5 55 132 132 160 192 192
4 5 55 132 132 165 165 220
4 5 55 132 132 165 180 198
4 5 55 132 132 168 168 210
4 5 55 132 132 168 175 200
4 5 55 132 132 170 170 204
4 5 55 132 132 171 180 190
4 5 55 132 132 180 180 180
4 5 55 132 135 154 189 198
4 5 55 132 140 154 165 220
4 5 55 132 140 154 180 198
4 5 55 132 143 143 182 210
4 5 55 132 143 143 195 195
4 5 55 132 143 165 165 195
4 5 55 132 144 165 176 180
4 5 55 132 154 154 154 210
4 5 55 132 160 160 165 176
4 5 55 132 165 165 165 165
4 5 55 135 135 135 198 220
4 5 55 135 144 154 176 189
4 5 55 136 136 170 170 187
4 5 55 140 140 154 154 220
4 5 55 140 143 154 165 195
4 5 55 140 144 154 176 180
4 5 55 140 154 160 160 176
4 5 55 140 154 165 165 165
4 5 56 70 224 224 224 224
4 5 56 77 176 220 224 224
4 5 56 80 160 224 224 224
4 5 56 80 168 210 224 224
4 5 56 80 175 200 224 224
4 5 56 80 192 192 210 224
4 5 56 84 160 210 210 224
4 5 56 84 168 210 210 210
4 5 56 84 175 200 210 210
4 5 56 84 180 189 210 216
4 5 56 84 182 195 208 208
4 5 56 85 160 204 210 224
4 5 56 85 168 204 210 210
4 5 56 85 175 200 204 210
4 5 56 85 180 189 204 216
4 5 56 88 140 220 220 220
4 5 56 88 154 210 210 210
4 5 56 90 140 216 216 216
4 5 56 90 160 180 210 224
4 5 56 90 165 189 198 216
4 5 56 90 168 180 210 210
4 5 56 90 171 189 190 216
4 5 56 90 175 180 200 210
4 5 56 90 180 180 189 216
4 5 56 91 143 208 208 220
4 5 56 91 156 195 208 208
4 5 56 95 171 171 189 216
4 5 56 96 120 224 224 224
4 5 56 96 130 208 210 224
4 5 56 96 144 180 210 224
4 5 56 96 160 160 210 224
4 5 56 96 160 168 210 210
4 5 56 96 160 175 200 210
4 5 56 96 160 180 189 216
4 5 56 99 132 189 216 220
4 5 56 99 143 189 195 216
4 5 56 99 154 168 198 220
4 5 56 99 165 165 189 216
4 5 56 100 140 200 200 200
4 5 56 100 150 160 210 224
4 5 56 100 150 168 210 210
4 5 56 100 150 175 200 210
4 5 56 100 150 180 189 216
4 5 56 100 160 175 175 224
4 5 56 100 168 175 175 210
4 5 56 100 175 175 175 200
4 5 56 102 153 170 189 216
4 5 56 102 154 168 187 220
4 5 56 104 140 182 195 210
4 5 56 104 140 195 195 195
4 5 56 104 143 182 182 220
4 5 56 104 147 182 195 196
4 5 56 104 156 182 182 195
4 5 56 104 168 168 182 195
4 5 56 105 112 210 224 224
4 5 56 105 120 210 210 210
4 5 56 105 126 189 210 216
4 5 56 105 132 168 220 220
4 5 56 105 135 168 216 216
4 5 56 105 135 189 189 216
4 5 56 105 140 160 210 224
4 5 56 105 140 168 210 210
4 5 56 105 140 175 200 210
4 5 56 105 140 180 189 216
4 5 56 105 143 168 195 220
4 5 56 105 147 160 196 224
4 5 56 105 147 168 196 210
4 5 56 105 147 175 196 200
4 5 56 105 148 168 185 222
4 5 56 105 150 168 200 200
4 5 56 105 152 154 209 210
4 5 56 105 154 176 176 210
4 5 56 105 156 160 182 224
4 5 56 105 156 168 182 210
4 5 56 105 156 168 195 195
4 5 56 105 156 175 182 200
4 5 56 105 160 168 168 224
4 5 56 105 160 168 192 192
4 5 56 105 161 161 184 210
4 5 56 105 165 165 168 220
4 5 56 105 165 168 180 198
4 5 56 105 168 168 168 210
4 5 56 105 168 168 175 200
4 5 56 105 168 170 170 204
4 5 56 105 168 171 180 190
4 5 56 105 168 180 180 180
4 5 56 108 120 189 216 216
4 5 56 108 126 180 210 216
4 5 56 108 135 160 210 224
4 5 56 108 135 168 210 210
4 5 56 108 135 175 200 210
4 5 56 108 135 180 189 216
4 5 56 108 140 165 198 216
4 5 56 108 140 171 190 216
4 5 56 108 140 180 180 216
4 5 56 110 132 160 210 224
4 5 56 110 132 168 210 210
4 5 56 110 132 175 200 210
4 5 56 110 132 180 189 216
4 5 56 110 140 152 209 220
4 5 56 110 140 176 176 220
4 5 56 110 154 165 168 220
4 5 56 110 154 168 180 198
4 5 56 112 112 210 210 210
4 5 56 112 119 170 224 224
4 5 56 112 120 168 224 224
4 5 56 112 120 192 192 224
4 5 56 112 126 176 198 220
4 5 56 112 130 160 208 224
4 5 56 112 130 168 208 210
4 5 56 112 130 175 200 208
4 5 56 112 140 140 224 224
4 5 56 112 144 160 180 224
4 5 56 112 144 168 180 210
4 5 56 112 144 175 180 200
4 5 56 112 154 154 176 220
4 5 56 112 160 160 160 224
4 5 56 112 160 160 168 210
4 5 56 112 160 160 175 200
4 5 56 115 115 189 207 216
4 5 56 115 140 184 184 184
4 5 56 116 145 168 174 203
4 5 56 117 117 189 195 216
4 5 56 119 120 170 210 210
4 5 56 119 126 170 189 216
4 5 56 119 136 154 187 220
4 5 56 119 140 160 170 224
4 5 56 119 140 168 170 210
4 5 56 119 140 170 175 200
4 5 56 119 147 168 170 196
4 5 56 119 152 154 170 209
4 5 56 119 154 170 176 176
4 5 56 119 156 168 170 182
4 5 56 119 161 161 170 184
4 5 56 119 168 168 168 170
4 5 56 120 120 160 210 224
4 5 56 120 120 168 210 210
4 5 56 120 120 175 200 210
4 5 56 120 120 180 189 216
4 5 56 120 126 144 224 224
4 5 56 120 126 161 207 207
4 5 56 120 126 165 198 210
4 5 56 120 126 168 189 216
4 5 56 120 126 171 190 210
4 5 56 120 126 180 180 210
4 5 56 120 126 189 189 189
4 5 56 120 130 182 182 195
4 5 56 120 132 140 220 220
4 5 56 120 135 140 216 216
4 5 56 120 135 165 189 198
4 5 56 120 135 171 189 190
4 5 56 120 135 180 180 189
4 5 56 120 136 153 189 216
4 5 56 120 140 140 210 210
4 5 56 120 140 143 195 220
4 5 56 120 140 147 196 210
4 5 56 120 140 148 185 222
4 5 56 120 140 150 200 200
4 5 56 120 140 156 182 210
4 5 56 120 140 156 195 195
4 5 56 120 140 160 168 224
4 5 56 120 140 160 192 192
4 5 56 120 140 165 165 220
4 5 56 120 140 165 180 198
4 5 56 120 140 168 168 210
4 5 56 120 140 168 175 200
4 5 56 120 140 170 170 204
4 5 56 120 140 171 180 190
4 5 56 120 140 180 180 180
4 5 56 120 144 144 189 216
4 5 56 120 147 147 196 196
4 5 56 120 147 156 182 196
4 5 56 120 147 168 168 196
4 5 56 120 150 150 175 210
4 5 56 120 150 175 175 175
4 5 56 120 152 154 168 209
4 5 56 120 154 154 165 210
4 5 56 120 154 168 176 176
4 5 56 120 156 156 182 182
4 5 56 120 156 168 168 182
4 5 56 120 161 161 168 184
4 5 56 120 162 162 162 189
4 5 56 120 168 168 168 168
4 5 56 126 126 160 180 224
4 5 56 126 126 168 180 210
4 5 56 126 126 175 180 200
4 5 56 126 130 144 208 210
4 5 56 126 135 135 210 216
4 5 56 126 135 168 180 189
4 5 56 126 136 153 180 210
4 5 56 126 140 140 189 216
4 5 56 126 140 165 168 198
4 5 56 126 140 168 171 190
4 5 56 126 140 168 180 180
4 5 56 126 144 144 180 210
4 5 56 126 144 160 160 210
4 5 56 130 130 140 208 208
4 5 56 130 135 144 189 208
4 5 56 130 140 144 180 208
4 5 56 130 140 160 160 208
4 5 56 132 132 154 168 220
4 5 56 132 140 152 165 209
4 5 56 132 140 165 176 176
4 5 56 132 143 154 168 195
4 5 56 132 154 165 165 168
4 5 56 133 133 152 190 190
4 5 56 135 135 135 189 216
4 5 56 135 135 140 180 216
4 5 56 135 136 153 180 189
4 5 56 135 144 144 180 189
4 5 56 135 144 160 160 189
4 5 56 136 140 153 165 198
4 5 56 136 140 153 171 190
4 5 56 136 140 153 180 180
4 5 56 136 140 170 170 170
4 5 56 140 140 140 160 224
4 5 56 140 140 140 168 210
4 5 56 140 140 140 175 200
4 5 56 140 140 147 168 196
4 5 56 140 140 152 154 209
4 5 56 140 140 154 176 176
4 5 56 140 140 156 168 182
4 5 56 140 140 161 161 184
4 5 56 140 140 168 168 168
4 5 56 140 144 144 165 198
4 5 56 140 144 144 171 190
4 5 56 140 144 144 180 180
4 5 56 140 144 160 160 180
4 5 56 140 150 150 150 200
4 5 56 140 150 150 168 175
4 5 56 140 152 152 152 190
4 5 56 140 154 154 165 168
4 5 56 140 160 160 160 160
4 5 57 84 190 190 190 210
4 5 57 85 190 190 190 204
4 5 57 90 180 190 190 190
4 5 57 95 132 190 220 220
4 5 57 95 132 209 209 209
4 5 57 95 135 190 216 216
4 5 57 95 140 190 210 210
4 5 57 95 143 190 195 220
4 5 57 95 147 190 196 210
4 5 57 95 148 185 190 222
4 5 57 95 150 190 200 200
4 5 57 95 156 182 190 210
4 5 57 95 156 190 195 195
4 5 57 95 160 168 190 224
4 5 57 95 160 190 192 192
4 5 57 95 165 165 190 220
4 5 57 95 165 180 190 198
4 5 57 95 168 168 190 210
4 5 57 95 168 175 190 200
4 5 57 95 170 170 190 204
4 5 57 95 171 180 190 190
4 5 57 95 180 180 180 190
4 5 57 96 160 190 190 190
4 5 57 100 150 190 190 190
4 5 57 105 140 190 190 190
4 5 57 108 135 190 190 190
4 5 57 110 114 190 209 220
4 5 57 110 132 190 190 190
4 5 57 114 132 165 190 209
4 5 57 114 133 171 180 210
4 5 57 114 140 154 190 209
4 5 57 114 152 152 190 190
4 5 57 120 120 190 190 190
4 5 57 120 133 152 190 210
4 5 57 120 152 171 171 171
4 5 57 133 140 152 168 190
4 5 58 105 116 203 203 210
4 5 58 116 119 170 203 203
4 5 58 116 120 168 203 203
4 5 58 116 140 140 203 203
4 5 58 116 145 174 174 174
4 5 58 140 145 145 145 203
4 5 60 66 220 220 220 220
4 5 60 70 210 210 210 210
4 5 60 72 180 216 216 216
4 5 60 72 189 210 210 216
4 5 60 74 185 185 222 222
4 5 60 75 175 210 210 210
4 5 60 75 200 200 200 200
4 5 60 76 165 209 209 220
4 5 60 76 180 198 209 209
4 5 60 77 154 210 220 220
4 5 60 77 165 210 210 210
4 5 60 78 182 182 210 210
4 5 60 78 182 195 195 210
4 5 60 78 195 195 195 195
4 5 60 80 140 210 224 224
4 5 60 80 144 216 216 216
4 5 60 80 147 196 224 224
4 5 60 80 156 182 224 224
4 5 60 80 156 208 208 208
4 5 60 80 165 176 220 220
4 5 60 80 168 168 224 224
4 5 60 80 168 192 192 224
4 5 60 80 176 180 198 220
4 5 60 80 176 187 204 204
4 5 60 80 176 198 198 198
4 5 60 80 192 192 192 192
4 5 60 81 162 180 216 216
4 5 60 81 162 189 210 210
4 5 60 84 130 208 224 224
4 5 60 84 132 210 220 220
4 5 60 84 135 210 216 216
4 5 60 84 140 210 210 210
4 5 60 84 143 195 210 220
4 5 60 84 144 180 224 224
4 5 60 84 147 196 210 210
4 5 60 84 148 185 210 222
4 5 60 84 150 200 200 210
4 5 60 84 156 182 210 210
4 5 60 84 156 195 195 210
4 5 60 84 160 160 224 224
4 5 60 84 160 168 210 224
4 5 60 84 160 175 200 224
4 5 60 84 160 192 192 210
4 5 60 84 161 180 207 207
4 5 60 84 165 165 210 220
4 5 60 84 165 180 198 210
4 5 60 84 168 168 210 210
4 5 60 84 168 175 200 210
4 5 60 84 168 180 189 216
4 5 60 84 170 170 204 210
4 5 60 84 171 180 190 210
4 5 60 84 175 175 200 200
4 5 60 84 180 180 180 210
4 5 60 84 180 189 189 189
4 5 60 85 132 204 220 220
4 5 60 85 135 204 216 216
4 5 60 85 140 204 210 210
4 5 60 85 143 195 204 220
4 5 60 85 147 196 204 210
4 5 60 85 148 185 204 222
4 5 60 85 150 200 200 204
4 5 60 85 156 182 204 210
4 5 60 85 156 195 195 204
4 5 60 85 160 168 204 224
4 5 60 85 160 192 192 204
4 5 60 85 165 165 204 220
4 5 60 85 165 180 198 204
4 5 60 85 168 168 204 210
4 5 60 85 168 175 200 204
4 5 60 85 170 170 204 204
4 5 60 85 171 180 190 204
4 5 60 85 180 180 180 204
4 5 60 86 129 215 215 215
4 5 60 88 120 220 220 220
4 5 60 88 152 165 209 220
4 5 60 88 152 180 198 209
4 5 60 88 154 160 210 224
4 5 60 88 154 168 210 210
4 5 60 88 154 175 200 210
4 5 60 88 154 180 189 216
4 5 60 88 165 176 176 220
4 5 60 88 176 176 180 198
4 5 60 90 120 216 216 216
4 5 60 90 126 210 210 210
4 5 60 90 132 180 220 220
4 5 60 90 132 198 198 220
4 5 60 90 135 180 216 216
4 5 60 90 135 189 210 210
4 5 60 90 140 180 210 210
4 5 60 90 143 180 195 220
4 5 60 90 143 195 198 198
4 5 60 90 144 176 198 220
4 5 60 90 147 180 196 210
4 5 60 90 148 180 185 222
4 5 60 90 150 180 200 200
4 5 60 90 153 170 204 204
4 5 60 90 156 180 182 210
4 5 60 90 156 180 195 195
4 5 60 90 160 168 180 224
4 5 60 90 160 180 192 192
4 5 60 90 165 165 180 220
4 5 60 90 165 165 198 198
4 5 60 90 165 171 190 198
4 5 60 90 165 180 180 198
4 5 60 90 168 168 180 210
4 5 60 90 168 175 180 200
4 5 60 90 170 170 180 204
4 5 60 90 171 171 190 190
4 5 60 90 171 180 180 190
4 5 60 90 180 180 180 180
4 5 60 91 130 195 210 210
4 5 60 91 156 156 210 210
4 5 60 92 138 180 207 207
4 5 60 93 155 186 186 186
4 5 60 95 133 190 190 210
4 5 60 95 165 171 171 198
4 5 60 95 171 171 171 190
4 5 60 95 171 171 180 180
4 5 60 96 105 224 224 224
4 5 60 96 112 210 210 224
4 5 60 96 130 168 208 224
4 5 60 96 130 192 192 208
4 5 60 96 132 160 220 220
4 5 60 96 135 160 216 216
4 5 60 96 140 160 210 210
4 5 60 96 143 160 195 220
4 5 60 96 144 168 180 224
4 5 60 96 144 180 192 192
4 5 60 96 147 160 196 210
4 5 60 96 148 160 185 222
4 5 60 96 150 160 200 200
4 5 60 96 156 160 182 210
4 5 60 96 156 160 195 195
4 5 60 96 160 160 168 224
4 5 60 96 160 160 192 192
4 5 60 96 160 165 165 220
4 5 60 96 160 165 180 198
4 5 60 96 160 168 168 210
4 5 60 96 160 168 175 200
4 5 60 96 160 170 170 204
4 5 60 96 160 171 180 190
4 5 60 96 160 180 180 180
4 5 60 98 147 147 210 210
4 5 60 99 110 198 220 220
4 5 60 99 130 176 198 208
4 5 60 99 132 165 198 220
4 5 60 99 132 171 190 220
4 5 60 99 132 180 180 220
4 5 60 99 132 180 198 198
4 5 60 99 140 154 198 220
4 5 60 99 143 165 195 198
4 5 60 99 143 171 190 195
4 5 60 99 143 180 180 195
4 5 60 99 144 165 176 220
4 5 60 99 144 176 180 198
4 5 60 99 160 160 176 198
4 5 60 99 165 165 165 198
4 5 60 99 165 165 171 190
4 5 60 99 165 165 180 180
4 5 60 100 120 200 200 200
4 5 60 100 132 150 220 220
4 5 60 100 135 150 216 216
4 5 60 100 140 150 210 210
4 5 60 100 140 175 175 210
4 5 60 100 143 150 195 220
4 5 60 100 147 150 196 210
4 5 60 100 147 175 175 196
4 5 60 100 148 150 185 222
4 5 60 100 150 150 200 200
4 5 60 100 150 156 182 210
4 5 60 100 150 156 195 195
4 5 60 100 150 160 168 224
4 5 60 100 150 160 192 192
4 5 60 100 150 165 165 220
4 5 60 100 150 165 180 198
4 5 60 100 150 168 168 210
4 5 60 100 150 168 175 200
4 5 60 100 150 170 170 204
4 5 60 100 150 171 180 190
4 5 60 100 150 180 180 180
4 5 60 100 156 175 175 182
4 5 60 100 168 168 175 175
4 5 60 102 110 187 220 220
4 5 60 102 117 180 204 221
4 5 60 102 130 156 204 221
4 5 60 102 130 176 187 208
4 5 60 102 132 165 187 220
4 5 60 102 132 180 187 198
4 5 60 102 140 154 187 220
4 5 60 102 143 165 187 195
4 5 60 102 144 176 180 187
4 5 60 102 153 153 180 204
4 5 60 102 153 165 170 198
4 5 60 102 153 170 171 190
4 5 60 102 153 170 180 180
4 5 60 102 160 160 176 187
4 5 60 102 165 165 165 187
4 5 60 102 170 170 170 170
4 5 60 104 117 180 208 208
4 5 60 104 120 182 195 210
4 5 60 104 120 195 195 195
4 5 60 104 130 156 208 208
4 5 60 104 140 168 182 195
4 5 60 104 144 156 180 208
4 5 60 104 156 160 160 208
4 5 60 105 105 210 210 210
4 5 60 105 108 189 216 216
4 5 60 105 112 168 224 224
4 5 60 105 112 192 192 224
4 5 60 105 119 170 210 210
4 5 60 105 120 160 210 224
4 5 60 105 120 168 210 210
4 5 60 105 120 175 200 210
4 5 60 105 120 180 189 216
4 5 60 105 126 144 224 224
4 5 60 105 126 161 207 207
4 5 60 105 126 165 198 210
4 5 60 105 126 168 189 216
4 5 60 105 126 171 190 210
4 5 60 105 126 180 180 210
4 5 60 105 126 189 189 189
4 5 60 105 130 182 182 195
4 5 60 105 132 140 220 220
4 5 60 105 135 140 216 216
4 5 60 105 135 165 189 198
4 5 60 105 135 171 189 190
4 5 60 105 135 180 180 189
4 5 60 105 136 153 189 216
4 5 60 105 140 140 210 210
4 5 60 105 140 143 195 220
4 5 60 105 140 147 196 210
4 5 60 105 140 148 185 222
4 5 60 105 140 150 200 200
4 5 60 105 140 156 182 210
4 5 60 105 140 156 195 195
4 5 60 105 140 160 168 224
4 5 60 105 140 160 192 192
4 5 60 105 140 165 165 220
4 5 60 105 140 165 180 198
4 5 60 105 140 168 168 210
4 5 60 105 140 168 175 200
4 5 60 105 140 170 170 204
4 5 60 105 140 171 180 190
4 5 60 105 140 180 180 180
4 5 60 105 144 144 189 216
4 5 60 105 147 147 196 196
4 5 60 105 147 156 182 196
4 5 60 105 147 168 168 196
4 5 60 105 150 150 175 210
4 5 60 105 150 175 175 175
4 5 60 105 152 154 168 209
4 5 60 105 154 154 165 210
4 5 60 105 154 168 176 176
4 5 60 105 156 156 182 182
4 5 60 105 156 168 168 182
4 5 60 105 161 161 168 184
4 5 60 105 162 162 162 189
4 5 60 105 168 168 168 168
4 5 60 108 108 180 216 216
4 5 60 108 108 189 210 210
4 5 60 108 120 165 198 216
4 5 60 108 120 171 190 216
4 5 60 108 120 180 180 216
4 5 60 108 126 168 180 216
4 5 60 108 126 180 189 189
4 5 60 108 130 144 208 216
4 5 60 108 132 135 220 220
4 5 60 108 135 135 216 216
4 5 60 108 135 140 210 210
4 5 60 108 135 143 195 220
4 5 60 108 135 147 196 210
4 5 60 108 135 148 185 222
4 5 60 108 135 150 200 200
4 5 60 108 135 156 182 210
4 5 60 108 135 156 195 195
4 5 60 108 135 160 168 224
4 5 60 108 135 160 192 192
4 5 60 108 135 165 165 220
4 5 60 108 135 165 180 198
4 5 60 108 135 168 168 210
4 5 60 108 135 168 175 200
4 5 60 108 135 170 170 204
4 5 60 108 135 171 180 190
4 5 60 108 135 180 180 180
4 5 60 108 136 153 180 216
4 5 60 108 144 144 180 216
4 5 60 108 144 160 160 216
4 5 60 108 162 162 162 180
4 5 60 110 110 165 220 220
4 5 60 110 110 180 198 220
4 5 60 110 110 187 204 204
4 5 60 110 110 198 198 198
4 5 60 110 120 152 209 220
4 5 60 110 120 176 176 220
4 5 60 110 126 154 198 210
4 5 60 110 130 165 176 208
4 5 60 110 132 132 220 220
4 5 60 110 132 135 216 216
4 5 60 110 132 140 210 210
4 5 60 110 132 143 195 220
4 5 60 110 132 147 196 210
4 5 60 110 132 148 185 222
4 5 60 110 132 150 200 200
4 5 60 110 132 156 182 210
4 5 60 110 132 156 195 195
4 5 60 110 132 160 168 224
4 5 60 110 132 160 192 192
4 5 60 110 132 165 165 220
4 5 60 110 132 165 180 198
4 5 60 110 132 168 168 210
4 5 60 110 132 168 175 200
4 5 60 110 132 170 170 204
4 5 60 110 132 171 180 190
4 5 60 110 132 180 180 180
4 5 60 110 135 154 189 198
4 5 60 110 140 154 165 220
4 5 60 110 140 154 180 198
4 5 60 110 143 143 182 210
4 5 60 110 143 143 195 195
4 5 60 110 143 165 165 195
4 5 60 110 144 165 176 180
4 5 60 110 154 154 154 210
4 5 60 110 160 160 165 176
4 5 60 110 165 165 165 165
4 5 60 111 111 185 185 222
4 5 60 111 148 148 185 185
4 5 60 112 112 160 210 224
4 5 60 112 112 168 210 210
4 5 60 112 112 175 200 210
4 5 60 112 112 180 189 216
4 5 60 112 117 180 182 208
4 5 60 112 120 140 224 224
4 5 60 112 126 144 210 210
4 5 60 112 130 140 208 210
4 5 60 112 130 147 196 208
4 5 60 112 130 156 182 208
4 5 60 112 130 168 168 208
4 5 60 112 135 144 189 210
4 5 60 112 140 144 180 210
4 5 60 112 140 160 160 210
4 5 60 112 144 147 180 196
4 5 60 112 144 156 180 182
4 5 60 112 144 168 168 180
4 5 60 112 147 160 160 196
4 5 60 112 156 160 160 182
4 5 60 112 160 160 168 168
4 5 60 114 114 190 190 190
4 5 60 114 133 133 210 210
4 5 60 114 152 152 171 180
4 5 60 115 115 165 198 207
4 5 60 115 115 171 190 207
4 5 60 115 115 180 180 207
4 5 60 115 120 184 184 184
4 5 60 116 140 145 174 203
4 5 60 117 117 165 195 198
4 5 60 117 117 171 190 195
4 5 60 117 117 180 180 195
4 5 60 117 130 143 180 220
4 5 60 117 130 143 198 198
4 5 60 117 130 156 180 195
4 5 60 117 136 136 180 221
4 5 60 117 156 156 156 180
4 5 60 119 119 170 170 210
4 5 60 119 120 160 170 224
4 5 60 119 120 168 170 210
4 5 60 119 120 170 175 200
4 5 60 119 126 153 180 204
4 5 60 119 126 165 170 198
4 5 60 119 126 170 171 190
4 5 60 119 126 170 180 180
4 5 60 119 140 140 170 210
4 5 60 119 140 147 170 196
4 5 60 119 140 156 170 182
4 5 60 119 140 168 168 170
4 5 60 119 150 150 170 175
4 5 60 119 154 154 165 170
4 5 60 120 120 132 220 220
4 5 60 120 120 135 216 216
4 5 60 120 120 140 210 210
4 5 60 120 120 143 195 220
4 5 60 120 120 147 196 210
4 5 60 120 120 148 185 222
4 5 60 120 120 150 200 200
4 5 60 120 120 156 182 210
4 5 60 120 120 156 195 195
4 5 60 120 120 160 168 224
4 5 60 120 120 160 192 192
4 5 60 120 120 165 165 220
4 5 60 120 120 165 180 198
4 5 60 120 120 168 168 210
4 5 60 120 120 168 175 200
4 5 60 120 120 170 170 204
4 5 60 120 120 171 180 190
4 5 60 120 120 180 180 180
4 5 60 120 126 140 189 216
4 5 60 120 126 165 168 198
4 5 60 120 126 168 171 190
4 5 60 120 126 168 180 180
4 5 60 120 130 130 208 208
4 5 60 120 130 144 180 208
4 5 60 120 130 160 160 208
4 5 60 120 132 152 165 209
4 5 60 120 132 165 176 176
4 5 60 120 135 135 180 216
4 5 60 120 136 153 165 198
4 5 60 120 136 153 171 190
4 5 60 120 136 153 180 180
4 5 60 120 136 170 170 170
4 5 60 120 140 140 160 224
4 5 60 120 140 140 168 210
4 5 60 120 140 140 175 200
4 5 60 120 140 147 168 196
4 5 60 120 140 152 154 209
4 5 60 120 140 154 176 176
4 5 60 120 140 156 168 182
4 5 60 120 140 161 161 184
4 5 60 120 140 168 168 168
4 5 60 120 144 144 165 198
4 5 60 120 144 144 171 190
4 5 60 120 144 144 180 180
4 5 60 120 144 160 160 180
4 5 60 120 150 150 150 200
4 5 60 120 150 150 168 175
4 5 60 120 152 152 152 190
4 5 60 120 154 154 165 168
4 5 60 120 160 160 160 160
4 5 60 123 123 164 164 205
4 5 60 124 124 155 186 186
4 5 60 126 126 126 210 210
4 5 60 126 126 135 189 210
4 5 60 126 126 140 180 210
4 5 60 126 126 147 180 196
4 5 60 126 126 156 180 182
4 5 60 126 126 168 168 180
4 5 60 126 130 144 168 208
4 5 60 126 135 135 168 216
4 5 60 126 135 135 189 189
4 5 60 126 135 140 180 189
4 5 60 126 136 153 168 180
4 5 60 126 140 140 165 198
4 5 60 126 140 140 171 190
4 5 60 126 140 140 180 180
4 5 60 126 144 144 168 180
4 5 60 126 144 160 160 168
4 5 60 128 128 130 192 208
4 5 60 128 128 144 180 192
4 5 60 128 128 160 160 192
4 5 60 130 130 130 182 210
4 5 60 130 130 130 195 195
4 5 60 130 130 143 156 220
4 5 60 130 130 156 156 195
4 5 60 130 132 132 176 208
4 5 60 130 136 136 156 221
4 5 60 130 136 144 153 208
4 5 60 130 144 144 144 208
4 5 60 130 156 156 156 156
4 5 60 132 132 132 165 220
4 5 60 132 132 132 180 198
4 5 60 132 132 140 154 220
4 5 60 132 132 143 165 195
4 5 60 132 132 144 176 180
4 5 60 132 132 160 160 176
4 5 60 132 132 165 165 165
4 5 60 132 140 143 154 195
4 5 60 132 140 154 165 165
4 5 60 135 135 135 165 198
4 5 60 135 135 135 171 190
4 5 60 135 135 135 180 180
4 5 60 135 135 136 153 216
4 5 60 135 135 144 144 216
4 5 60 135 135 162 162 162
4 5 60 136 136 153 153 180
4 5 60 136 144 144 153 180
4 5 60 136 144 153 160 160
4 5 60 140 140 140 140 210
4 5 60 140 140 140 147 196
4 5 60 140 140 140 156 182
4 5 60 140 140 140 168 168
4 5 60 140 140 150 150 175
4 5 60 140 140 154 154 165
4 5 60 144 144 144 144 180
4 5 60 144 144 144 160 160
4 5 60 145 145 145 145 174
4 5 60 150 150 150 150 150
4 5 62 84 155 186 186 210
4 5 62 85 155 186 186 204
4 5 62 90 155 180 186 186
4 5 62 93 132 155 220 220
4 5 62 93 135 155 216 216
4 5 62 93 140 155 210 210
4 5 62 93 143 155 195 220
4 5 62 93 147 155 196 210
4 5 62 93 148 155 185 222
4 5 62 93 150 155 200 200
4 5 62 93 155 156 182 210
4 5 62 93 155 156 195 195
4 5 62 93 155 160 168 224
4 5 62 93 155 160 192 192
4 5 62 93 155 165 165 220
4 5 62 93 155 165 180 198
4 5 62 93 155 168 168 210
4 5 62 93 155 168 175 200
4 5 62 93 155 170 170 204
4 5 62 93 155 171 180 190
4 5 62 93 155 180 180 180
4 5 62 96 155 160 186 186
4 5 62 100 150 155 186 186
4 5 62 105 140 155 186 186
4 5 62 108 135 155 186 186
4 5 62 110 132 155 186 186
4 5 62 120 120 155 186 186
4 5 62 124 155 155 155 155
4 5 63 70 168 216 216 216
4 5 63 70 180 210 210 210
4 5 63 70 189 189 216 216
4 5 63 72 160 210 210 224
4 5 63 72 168 210 210 210
4 5 63 72 175 200 210 210
4 5 63 72 180 189 210 216
4 5 63 72 182 195 208 208
4 5 63 75 175 180 210 210
4 5 63 77 154 180 220 220
4 5 63 77 154 198 198 220
4 5 63 77 165 180 210 210
4 5 63 78 180 182 182 210
4 5 63 78 180 182 195 195
4 5 63 80 126 210 224 224
4 5 63 80 135 189 224 224
4 5 63 80 140 180 224 224
4 5 63 80 144 189 210 216
4 5 63 81 162 180 189 210
4 5 63 84 120 216 216 216
4 5 63 84 126 210 210 210
4 5 63 84 132 180 220 220
4 5 63 84 132 198 198 220
4 5 63 84 135 180 216 216
4 5 63 84 135 189 210 210
4 5 63 84 140 180 210 210
4 5 63 84 143 180 195 220
4 5 63 84 143 195 198 198
4 5 63 84 144 176 198 220
4 5 63 84 147 180 196 210
4 5 63 84 148 180 185 222
4 5 63 84 150 180 200 200
4 5 63 84 153 170 204 204
4 5 63 84 156 180 182 210
4 5 63 84 156 180 195 195
4 5 63 84 160 168 180 224
4 5 63 84 160 180 192 192
4 5 63 84 165 165 180 220
4 5 63 84 165 165 198 198
4 5 63 84 165 171 190 198
4 5 63 84 165 180 180 198
4 5 63 84 168 168 180 210
4 5 63 84 168 175 180 200
4 5 63 84 170 170 180 204
4 5 63 84 171 171 190 190
4 5 63 84 171 180 180 190
4 5 63 84 180 180 180 180
4 5 63 85 126 204 210 210
4 5 63 85 135 189 204 210
4 5 63 85 140 180 204 210
4 5 63 85 147 180 196 204
4 5 63 85 156 180 182 204
4 5 63 85 168 168 180 204
4 5 63 88 154 160 180 224
4 5 63 88 154 168 180 210
4 5 63 88 154 175 180 200
4 5 63 90 120 189 210 216
4 5 63 90 126 180 210 210
4 5 63 90 135 180 189 210
4 5 63 90 140 144 224 224
4 5 63 90 140 161 207 207
4 5 63 90 140 165 198 210
4 5 63 90 140 168 189 216
4 5 63 90 140 171 190 210
4 5 63 90 140 180 180 210
4 5 63 90 140 189 189 189
4 5 63 90 147 165 196 198
4 5 63 90 147 171 190 196
4 5 63 90 147 180 180 196
4 5 63 90 156 165 182 198
4 5 63 90 156 171 182 190
4 5 63 90 156 180 180 182
4 5 63 90 165 168 168 198
4 5 63 90 168 168 171 190
4 5 63 90 168 168 180 180
4 5 63 91 130 180 195 210
4 5 63 91 156 156 180 210
4 5 63 95 133 180 190 190
4 5 63 95 140 171 171 210
4 5 63 95 147 171 171 196
4 5 63 95 156 171 171 182
4 5 63 95 168 168 171 171
4 5 63 96 112 180 210 224
4 5 63 96 126 160 210 210
4 5 63 96 135 160 189 210
4 5 63 96 140 160 180 210
4 5 63 96 147 160 180 196
4 5 63 96 156 160 180 182
4 5 63 96 160 168 168 180
4 5 63 98 147 147 180 210
4 5 63 99 126 154 198 220
4 5 63 99 132 140 210 220
4 5 63 99 132 147 196 220
4 5 63 99 132 156 182 220
4 5 63 99 132 168 168 220
4 5 63 99 140 143 195 210
4 5 63 99 140 165 165 210
4 5 63 99 143 143 182 220
4 5 63 99 143 147 195 196
4 5 63 99 143 156 182 195
4 5 63 99 143 168 168 195
4 5 63 99 147 165 165 196
4 5 63 99 154 154 154 220
4 5 63 99 156 165 165 182
4 5 63 99 165 165 168 168
4 5 63 100 126 150 210 210
4 5 63 100 126 175 175 210
4 5 63 100 135 150 189 210
4 5 63 100 135 175 175 189
4 5 63 100 140 150 180 210
4 5 63 100 140 175 175 180
4 5 63 100 147 150 180 196
4 5 63 100 150 156 180 182
4 5 63 100 150 168 168 180
4 5 63 102 126 154 187 220
4 5 63 102 140 153 170 210
4 5 63 102 147 153 170 196
4 5 63 102 153 156 170 182
4 5 63 102 153 168 168 170
4 5 63 104 108 182 195 216
4 5 63 104 120 180 182 195
4 5 63 104 126 168 182 195
4 5 63 104 136 153 182 195
4 5 63 104 144 144 182 195
4 5 63 105 105 180 210 210
4 5 63 105 108 160 216 224
4 5 63 105 108 168 210 216
4 5 63 105 108 175 200 216
4 5 63 105 108 189 189 210
4 5 63 105 119 153 204 210
4 5 63 105 119 170 180 210
4 5 63 105 120 160 180 224
4 5 63 105 120 168 180 210
4 5 63 105 120 175 180 200
4 5 63 105 126 132 220 220
4 5 63 105 126 135 216 216
4 5 63 105 126 140 210 210
4 5 63 105 126 143 195 220
4 5 63 105 126 147 196 210
4 5 63 105 126 148 185 222
4 5 63 105 126 150 200 200
4 5 63 105 126 156 182 210
4 5 63 105 126 156 195 195
4 5 63 105 126 160 168 224
4 5 63 105 126 160 192 192
4 5 63 105 126 165 165 220
4 5 63 105 126 165 180 198
4 5 63 105 126 168 168 210
4 5 63 105 126 168 175 200
4 5 63 105 126 170 170 204
4 5 63 105 126 171 180 190
4 5 63 105 126 180 180 180
4 5 63 105 135 140 189 210
4 5 63 105 135 147 189 196
4 5 63 105 135 156 182 189
4 5 63 105 135 168 168 189
4 5 63 105 136 153 160 224
4 5 63 105 136 153 168 210
4 5 63 105 136 153 175 200
4 5 63 105 140 140 180 210
4 5 63 105 140 147 180 196
4 5 63 105 140 156 180 182
4 5 63 105 140 168 168 180
4 5 63 105 144 144 160 224
4 5 63 105 144 144 168 210
4 5 63 105 144 144 175 200
4 5 63 105 150 150 175 180
4 5 63 105 154 154 165 180
4 5 63 108 108 180 189 210
4 5 63 108 119 168 170 216
4 5 63 108 119 170 189 189
4 5 63 108 120 140 210 216
4 5 63 108 120 147 196 216
4 5 63 108 120 156 182 216
4 5 63 108 120 168 168 216
4 5 63 108 120 168 189 189
4 5 63 108 126 135 210 210
4 5 63 108 135 135 189 210
4 5 63 108 135 140 180 210
4 5 63 108 135 147 180 196
4 5 63 108 135 156 180 182
4 5 63 108 135 168 168 180
4 5 63 108 140 140 168 216
4 5 63 108 140 140 189 189
4 5 63 110 126 132 210 210
4 5 63 110 126 154 165 220
4 5 63 110 126 154 180 198
4 5 63 110 132 135 189 210
4 5 63 110 132 140 180 210
4 5 63 110 132 147 180 196
4 5 63 110 132 156 180 182
4 5 63 110 132 168 168 180
4 5 63 110 143 143 180 182
4 5 63 110 154 154 154 180
4 5 63 112 112 160 180 224
4 5 63 112 112 168 180 210
4 5 63 112 112 175 180 200
4 5 63 112 120 126 224 224
4 5 63 112 120 144 189 216
4 5 63 112 126 130 208 210
4 5 63 112 126 144 180 210
4 5 63 112 126 160 160 210
4 5 63 112 130 135 189 208
4 5 63 112 130 140 180 208
4 5 63 112 135 144 180 189
4 5 63 112 135 160 160 189
4 5 63 112 140 144 165 198
4 5 63 112 140 144 171 190
4 5 63 112 140 144 180 180
4 5 63 112 140 160 160 180
4 5 63 114 133 133 180 210
4 5 63 115 115 140 207 210
4 5 63 115 115 147 196 207
4 5 63 115 115 156 182 207
4 5 63 115 115 168 168 207
4 5 63 115 138 140 161 207
4 5 63 116 126 145 174 203
4 5 63 117 117 140 195 210
4 5 63 117 117 143 182 220
4 5 63 117 117 147 195 196
4 5 63 117 117 156 182 195
4 5 63 117 117 168 168 195
4 5 63 117 120 144 182 208
4 5 63 119 119 153 170 204
4 5 63 119 119 170 170 180
4 5 63 119 120 153 168 204
4 5 63 119 120 168 170 180
4 5 63 119 126 140 170 210
4 5 63 119 126 147 170 196
4 5 63 119 126 156 170 182
4 5 63 119 126 168 168 170
4 5 63 119 135 140 170 189
4 5 63 119 136 153 168 170
4 5 63 119 140 140 153 204
4 5 63 119 140 140 170 180
4 5 63 119 144 144 168 170
4 5 63 120 120 126 210 210
4 5 63 120 120 135 189 210
4 5 63 120 120 140 180 210
4 5 63 120 120 147 180 196
4 5 63 120 120 156 180 182
4 5 63 120 120 168 168 180
4 5 63 120 126 126 189 216
4 5 63 120 126 140 160 224
4 5 63 120 126 140 168 210
4 5 63 120 126 140 175 200
4 5 63 120 126 147 168 196
4 5 63 120 126 152 154 209
4 5 63 120 126 154 176 176
4 5 63 120 126 156 168 182
4 5 63 120 126 161 161 184
4 5 63 120 126 168 168 168
4 5 63 120 133 152 171 171
4 5 63 120 135 140 168 189
4 5 63 120 136 140 153 210
4 5 63 120 136 147 153 196
4 5 63 120 136 153 156 182
4 5 63 120 136 153 168 168
4 5 63 120 140 140 168 180
4 5 63 120 140 144 144 210
4 5 63 120 144 144 147 196
4 5 63 120 144 144 156 182
4 5 63 120 144 144 168 168
4 5 63 126 126 126 180 210
4 5 63 126 126 135 180 189
4 5 63 126 126 140 165 198
4 5 63 126 126 140 171 190
4 5 63 126 126 140 180 180
4 5 63 126 132 132 154 220
4 5 63 126 132 143 154 195
4 5 63 126 132 154 165 165
4 5 63 126 140 140 140 210
4 5 63 126 140 140 147 196
4 5 63 126 140 140 156 182
4 5 63 126 140 140 168 168
4 5 63 126 140 150 150 175
4 5 63 126 140 154 154 165
4 5 63 130 130 130 180 182
4 5 63 135 135 135 140 210
4 5 63 135 135 135 147 196
4 5 63 135 135 135 156 182
4 5 63 135 135 135 168 168
4 5 63 135 140 140 140 189
4 5 63 136 140 140 153 168
4 5 63 140 140 140 140 180
4 5 63 140 140 144 144 168
4 5 64 64 210 210 210 224
4 5 64 68 192 195 208 221
4 5 64 70 168 192 224 224
4 5 64 70 192 192 192 224
4 5 64 72 176 192 198 220
4 5 64 77 168 176 192 220
4 5 64 78 143 192 208 220
4 5 64 78 156 192 195 208
4 5 64 80 132 192 220 220
4 5 64 80 135 192 216 216
4 5 64 80 140 192 210 210
4 5 64 80 143 192 195 220
4 5 64 80 147 192 196 210
4 5 64 80 148 185 192 222
4 5 64 80 150 192 200 200
4 5 64 80 156 182 192 210
4 5 64 80 156 192 195 195
4 5 64 80 160 168 192 224
4 5 64 80 160 192 192 192
4 5 64 80 165 165 192 220
4 5 64 80 165 180 192 198
4 5 64 80 168 168 192 210
4 5 64 80 168 175 192 200
4 5 64 80 170 170 192 204
4 5 64 80 171 180 190 192
4 5 64 80 180 180 180 192
4 5 64 84 120 192 224 224
4 5 64 84 130 192 208 210
4 5 64 84 144 180 192 210
4 5 64 84 160 160 192 210
4 5 64 85 130 192 204 208
4 5 64 85 144 180 192 204
4 5 64 85 160 160 192 204
4 5 64 88 132 176 192 220
4 5 64 88 143 176 192 195
4 5 64 88 165 165 176 192
4 5 64 90 130 180 192 208
4 5 64 90 144 165 192 198
4 5 64 90 144 171 190 192
4 5 64 90 144 180 180 192
4 5 64 90 160 160 180 192
4 5 64 95 144 171 171 192
4 5 64 96 105 192 210 224
4 5 64 96 119 170 192 224
4 5 64 96 120 168 192 224
4 5 64 96 120 192 192 192
4 5 64 96 130 160 192 208
4 5 64 96 140 140 192 224
4 5 64 96 144 160 180 192
4 5 64 96 160 160 160 192
4 5 64 99 120 176 192 198
4 5 64 99 132 144 192 220
4 5 64 99 143 144 192 195
4 5 64 99 144 165 165 192
4 5 64 100 130 150 192 208
4 5 64 100 144 150 180 192
4 5 64 100 150 160 160 192
4 5 64 102 120 176 187 192
4 5 64 102 144 153 170 192
4 5 64 104 104 192 195 208
4 5 64 104 112 182 192 195
4 5 64 104 120 156 192 208
4 5 64 105 112 160 192 224
4 5 64 105 112 168 192 210
4 5 64 105 112 175 192 200
4 5 64 105 126 144 192 210
4 5 64 105 128 128 210 224
4 5 64 105 130 140 192 208
4 5 64 105 135 144 189 192
4 5 64 105 140 144 180 192
4 5 64 105 140 160 160 192
4 5 64 108 120 144 192 216
4 5 64 108 130 135 192 208
4 5 64 108 135 144 180 192
4 5 64 108 135 160 160 192
4 5 64 110 120 165 176 192
4 5 64 110 130 132 192 208
4 5 64 110 132 144 180 192
4 5 64 110 132 160 160 192
4 5 64 112 119 168 170 192
4 5 64 112 120 140 192 210
4 5 64 112 120 147 192 196
4 5 64 112 120 156 182 192
4 5 64 112 120 168 168 192
4 5 64 112 140 140 168 192
4 5 64 115 115 144 192 207
4 5 64 117 117 144 192 195
4 5 64 119 126 144 170 192
4 5 64 119 128 128 170 224
4 5 64 120 120 130 192 208
4 5 64 120 120 144 180 192
4 5 64 120 120 160 160 192
4 5 64 120 126 144 168 192
4 5 64 120 128 128 168 224
4 5 64 120 128 128 192 192
4 5 64 120 132 132 176 192
4 5 64 120 136 144 153 192
4 5 64 120 144 144 144 192
4 5 64 126 140 140 144 192
4 5 64 128 128 130 160 208
4 5 64 128 128 140 140 224
4 5 64 128 128 144 160 180
4 5 64 128 128 160 160 160
4 5 64 135 135 135 144 192
4 5 65 65 182 208 224 224
4 5 65 65 204 204 204 221
4 5 65 65 208 208 208 208
4 5 65 68 182 195 210 221
4 5 65 68 195 195 195 221
4 5 65 70 160 208 208 224
4 5 65 70 168 208 208 210
4 5 65 70 175 200 208 208
4 5 65 72 165 198 208 208
4 5 65 72 171 190 208 208
4 5 65 72 180 180 208 208
4 5 65 75 150 200 208 208
4 5 65 75 168 175 208 208
4 5 65 76 152 190 208 208
4 5 65 77 165 168 208 208
4 5 65 78 132 195 220 220
4 5 65 78 135 195 216 216
4 5 65 78 140 195 210 210
4 5 65 78 143 182 210 220
4 5 65 78 143 195 195 220
4 5 65 78 147 195 196 210
4 5 65 78 148 185 195 222
4 5 65 78 150 195 200 200
4 5 65 78 156 182 195 210
4 5 65 78 156 195 195 195
4 5 65 78 160 168 195 224
4 5 65 78 160 192 192 195
4 5 65 78 165 165 195 220
4 5 65 78 165 180 195 198
4 5 65 78 168 168 195 210
4 5 65 78 168 175 195 200
4 5 65 78 170 170 195 204
4 5 65 78 171 180 190 195
4 5 65 78 180 180 180 195
4 5 65 80 130 182 224 224
4 5 65 80 130 208 208 208
4 5 65 80 144 180 208 208
4 5 65 80 160 160 208 208
4 5 65 84 120 208 208 210
4 5 65 84 130 182 210 210
4 5 65 84 130 195 195 210
4 5 65 84 140 168 208 208
4 5 65 84 143 156 210 220
4 5 65 84 156 156 195 210
4 5 65 85 120 204 208 208
4 5 65 85 130 182 204 210
4 5 65 85 130 195 195 204
4 5 65 85 136 170 208 208
4 5 65 85 143 156 204 220
4 5 65 85 156 156 195 204
4 5 65 88 104 220 220 220
4 5 65 88 110 208 208 220
4 5 65 88 132 165 208 208
4 5 65 88 140 154 208 208
4 5 65 90 104 216 216 216
4 5 65 90 108 208 208 216
4 5 65 90 120 180 208 208
4 5 65 90 126 168 208 208
4 5 65 90 130 180 182 210
4 5 65 90 130 180 195 195
4 5 65 90 136 153 208 208
4 5 65 90 143 156 180 220
4 5 65 90 143 156 198 198
4 5 65 90 144 144 208 208
4 5 65 90 156 156 180 195
4 5 65 91 112 195 208 210
4 5 65 91 117 180 210 210
4 5 65 91 130 156 210 210
4 5 65 91 140 182 182 182
4 5 65 92 115 184 208 208
4 5 65 96 120 160 208 208
4 5 65 96 130 160 182 210
4 5 65 96 130 160 195 195
4 5 65 96 143 156 160 220
4 5 65 96 156 156 160 195
4 5 65 99 143 156 165 198
4 5 65 99 143 156 171 190
4 5 65 99 143 156 180 180
4 5 65 100 100 200 208 208
4 5 65 100 104 200 200 200
4 5 65 100 120 150 208 208
4 5 65 100 130 150 182 210
4 5 65 100 130 150 195 195
4 5 65 100 130 175 175 182
4 5 65 100 143 150 156 220
4 5 65 100 150 156 156 195
4 5 65 102 130 130 204 221
4 5 65 102 143 156 165 187
4 5 65 104 104 182 195 210
4 5 65 104 104 195 195 195
4 5 65 104 105 160 210 224
4 5 65 104 105 168 210 210
4 5 65 104 105 175 200 210
4 5 65 104 105 180 189 216
4 5 65 104 108 165 198 216
4 5 65 104 108 171 190 216
4 5 65 104 108 180 180 216
4 5 65 104 110 152 209 220
4 5 65 104 110 176 176 220
4 5 65 104 112 140 224 224
4 5 65 104 115 184 184 184
4 5 65 104 119 160 170 224
4 5 65 104 119 168 170 210
4 5 65 104 119 170 175 200
4 5 65 104 120 132 220 220
4 5 65 104 120 135 216 216
4 5 65 104 120 140 210 210
4 5 65 104 120 143 195 220
4 5 65 104 120 147 196 210
4 5 65 104 120 148 185 222
4 5 65 104 120 150 200 200
4 5 65 104 120 156 182 210
4 5 65 104 120 156 195 195
4 5 65 104 120 160 168 224
4 5 65 104 120 160 192 192
4 5 65 104 120 165 165 220
4 5 65 104 120 165 180 198
4 5 65 104 120 168 168 210
4 5 65 104 120 168 175 200
4 5 65 104 120 170 170 204
4 5 65 104 120 171 180 190
4 5 65 104 120 180 180 180
4 5 65 104 126 140 189 216
4 5 65 104 126 165 168 198
4 5 65 104 126 168 171 190
4 5 65 104 126 168 180 180
4 5 65 104 130 130 208 208
4 5 65 104 130 144 180 208
4 5 65 104 130 160 160 208
4 5 65 104 132 152 165 209
4 5 65 104 132 165 176 176
4 5 65 104 135 135 180 216
4 5 65 104 136 153 165 198
4 5 65 104 136 153 171 190
4 5 65 104 136 153 180 180
4 5 65 104 136 170 170 170
4 5 65 104 140 140 160 224
4 5 65 104 140 140 168 210
4 5 65 104 140 140 175 200
4 5 65 104 140 147 168 196
4 5 65 104 140 152 154 209
4 5 65 104 140 154 176 176
4 5 65 104 140 156 168 182
4 5 65 104 140 161 161 184
4 5 65 104 140 168 168 168
4 5 65 104 144 144 165 198
4 5 65 104 144 144 171 190
4 5 65 104 144 144 180 180
4 5 65 104 144 160 160 180
4 5 65 104 150 150 150 200
4 5 65 104 150 150 168 175
4 5 65 104 152 152 152 190
4 5 65 104 154 154 165 168
4 5 65 104 160 160 160 160
4 5 65 105 105 168 208 208
4 5 65 105 117 180 182 182
4 5 65 105 120 140 208 208
4 5 65 105 130 140 182 210
4 5 65 105 130 140 195 195
4 5 65 105 130 147 182 196
4 5 65 105 130 156 182 182
4 5 65 105 130 168 168 182
4 5 65 105 140 143 156 220
4 5 65 105 140 156 156 195
4 5 65 108 120 135 208 208
4 5 65 108 130 135 182 210
4 5 65 108 130 135 195 195
4 5 65 108 135 143 156 220
4 5 65 108 135 156 156 195
4 5 65 110 120 132 208 208
4 5 65 110 130 132 182 210
4 5 65 110 130 132 195 195
4 5 65 110 132 143 156 220
4 5 65 110 132 156 156 195
4 5 65 110 143 143 143 220
4 5 65 110 143 143 156 195
4 5 65 110 143 156 165 165
4 5 65 112 112 140 208 208
4 5 65 112 130 130 182 208
4 5 65 112 130 144 180 182
4 5 65 112 130 160 160 182
4 5 65 117 117 156 165 198
4 5 65 117 117 156 171 190
4 5 65 117 117 156 180 180
4 5 65 117 126 140 182 182
4 5 65 117 130 130 180 195
4 5 65 117 130 156 156 180
4 5 65 119 130 140 170 182
4 5 65 120 120 120 208 208
4 5 65 120 120 130 182 210
4 5 65 120 120 130 195 195
4 5 65 120 120 143 156 220
4 5 65 120 120 156 156 195
4 5 65 120 130 140 168 182
4 5 65 126 126 130 180 182
4 5 65 130 130 130 143 220
4 5 65 130 130 130 156 195
4 5 65 130 130 136 136 221
4 5 65 130 130 156 156 156
4 5 65 130 140 140 140 182
4 5 65 132 132 143 156 165
4 5 65 132 140 143 154 156
4 5 65 132 143 143 143 165
4 5 65 140 143 143 143 154
4 5 66 66 165 220 220 220
4 5 66 66 180 198 220 220
4 5 66 66 187 204 204 220
4 5 66 66 198 198 198 220
4 5 66 68 176 195 208 221
4 5 66 68 187 187 204 220
4 5 66 70 154 210 210 220
4 5 66 70 168 176 224 224
4 5 66 70 176 192 192 224
4 5 66 72 152 198 209 220
4 5 66 72 154 189 216 220
4 5 66 72 176 176 198 220
4 5 66 75 154 175 210 220
4 5 66 76 132 209 209 220
4 5 66 76 143 195 209 209
4 5 66 76 165 165 209 209
4 5 66 77 132 210 210 210
4 5 66 77 152 168 209 220
4 5 66 77 154 165 210 220
4 5 66 77 154 180 198 210
4 5 66 77 168 176 176 220
4 5 66 78 143 176 208 220
4 5 66 78 154 182 182 220
4 5 66 78 156 176 195 208
4 5 66 80 132 176 220 220
4 5 66 80 135 176 216 216
4 5 66 80 140 176 210 210
4 5 66 80 143 176 195 220
4 5 66 80 147 176 196 210
4 5 66 80 148 176 185 222
4 5 66 80 150 176 200 200
4 5 66 80 156 176 182 210
4 5 66 80 156 176 195 195
4 5 66 80 160 168 176 224
4 5 66 80 160 176 192 192
4 5 66 80 165 165 176 220
4 5 66 80 165 176 180 198
4 5 66 80 168 168 176 210
4 5 66 80 168 175 176 200
4 5 66 80 170 170 176 204
4 5 66 80 171 176 180 190
4 5 66 80 176 180 180 180
4 5 66 81 154 162 189 220
4 5 66 84 110 210 220 220
4 5 66 84 120 176 224 224
4 5 66 84 130 176 208 210
4 5 66 84 132 165 210 220
4 5 66 84 132 180 198 210
4 5 66 84 140 154 210 220
4 5 66 84 143 165 195 210
4 5 66 84 144 176 180 210
4 5 66 84 147 154 196 220
4 5 66 84 154 156 182 220
4 5 66 84 154 168 168 220
4 5 66 84 160 160 176 210
4 5 66 84 165 165 165 210
4 5 66 85 110 204 220 220
4 5 66 85 130 176 204 208
4 5 66 85 132 165 204 220
4 5 66 85 132 180 198 204
4 5 66