# Witness sets found in the 2026-09-08 session, each re-verified here by brute force (d = largest dissociated subset).
# k=4 (no dissociated 4-subset), 6 elements:
[1, 2, 3, 4, 5, 6] d = 3
[1, 2, 3, 5, 7, 8] d = 3
[3, 6, 9, 15, 21, 24] d = 3
[2, 3, 5, 10, 12, 15] d = 3
[1, 2, 3, 4, 6, 7] d = 3
[1, 2, 3, 5, 6, 8] d = 3
[1, 2, 3, 4, 5, 7] d = 3
[2, 3, 4, 5, 7, 9] d = 3
[2, 3, 4, 5, 6, 9] d = 3
[3, 6, 7, 9, 10, 16] d = 3
[1, 2, 3, 6, 8, 9] d = 3
[1, 2, 3, 6, 7, 9] d = 3
[2, 4, 6, 8, 10, 14] d = 3
[3, 6, 9, 12, 15, 21] d = 3
# k=5 (no dissociated 5-subset):
[1, 2, 3, 4, 7] d = 3
[7, 10, 20, 30, 50, 70] d = 4
[14, 27, 45, 72, 117, 162, 189] d = 4
[1, 2, 3, 5, 6, 9, 14, 16] d = 4
[4, 8, 12, 20, 32, 44, 52, 76] d = 4
[1, 7, 8, 16, 32, 48, 49, 56] d = 4
[3, 6, 9, 15, 24, 33, 39, 42, 57] d = 4
[1, 7, 8, 16, 32, 40, 48, 49, 56] d = 4
[1, 2, 3, 5, 6, 9, 12, 14, 15, 17] d = 4
[1, 2, 3, 6, 12, 13, 15, 16, 18, 19] d = 4
[1, 2, 3, 4, 7, 10, 11, 12, 13, 16] d = 4
[1, 2, 3, 5, 6, 9, 11, 12, 14, 15, 17] d = 4
[1, 2, 3, 5, 8, 9, 10, 11, 12, 14, 15] d = 4
[1, 4, 5, 9, 10, 12, 13, 17, 18, 22, 27] d = 4
[1, 3, 4, 7, 8, 10, 13, 14, 17, 18, 21] d = 4
[1, 2, 3, 5, 6, 7, 8, 9, 10, 12, 13, 15] d = 4
[1, 2, 3, 4, 5, 6, 7, 8, 9, 10, 12, 13, 15] d = 4
# k=6 (no dissociated 6-subset), 24 elements (simulated annealing, hedge):
[1, 2, 3, 4, 5, 6, 7, 8, 9, 10, 11, 12, 13, 14, 15, 16, 17, 18, 19, 20, 21, 24, 25, 27] d = 5
