WITNESS P=0,1,2,3,5,9,14,16,17 M=8,18
WITNESS P=0,1,2,3,6,7,9,14,18 M=5,15
WITNESS P=0,1,2,4,8,13,15,16,19 M=7,17
WITNESS P=0,1,2,5,6,8,13,17,19 M=4,14
WITNESS P=0,1,4,5,6,7,9,13,18 M=2,12
WITNESS P=0,1,3,7,12,14,15,18,19 M=6,16
WITNESS P=0,1,3,8,12,14,15,16,17 M=9,19
WITNESS P=0,1,4,5,7,12,16,18,19 M=3,13
WITNESS P=0,3,4,5,6,8,12,17,19 M=1,11
WITNESS P=0,4,6,7,8,9,12,13,15 M=1,11
WITNESS P=0,2,3,4,5,8,9,11,16 M=7,17
WITNESS P=0,2,3,6,7,8,9,11,15 M=4,14
WITNESS P=0,2,6,11,13,14,17,18,19 M=5,15
WITNESS P=0,2,7,11,13,14,15,16,19 M=8,18
WITNESS P=0,3,4,6,11,15,17,18,19 M=2,12
WITNESS P=0,4,9,11,12,15,16,17,18 M=3,13
WITNESS P=0,5,9,11,12,13,14,17,18 M=6,16
WITNESS P=0,5,7,8,11,12,13,14,16 M=9,19
WITNESS P=1,2,4,9,13,15,16,17,18 M=0,10
WITNESS P=1,6,8,9,12,13,14,15,17 M=0,10
WITNESS P=2,3,4,5,7,11,16,18,19 M=0,10
WITNESS P=3,5,6,7,8,11,12,14,19 M=0,10
WITNESS P=1,2,3,4,6,10,15,17,18 M=9,19
WITNESS P=1,2,3,4,7,8,10,15,19 M=6,16
WITNESS P=1,2,5,6,7,8,10,14,19 M=3,13
WITNESS P=1,5,7,8,9,10,13,14,16 M=2,12
WITNESS P=1,3,4,5,6,9,10,12,17 M=8,18
WITNESS P=1,3,4,7,8,9,10,12,16 M=5,15
WITNESS P=1,5,10,12,13,16,17,18,19 M=4,14
WITNESS P=1,6,10,12,13,14,15,18,19 M=7,17
WITNESS P=2,3,5,10,14,16,17,18,19 M=1,11
WITNESS P=2,7,9,10,13,14,15,16,18 M=1,11
WITNESS P=2,6,8,9,10,11,14,15,17 M=3,13
WITNESS P=2,4,5,6,7,10,11,13,18 M=9,19
WITNESS P=2,4,5,8,9,10,11,13,17 M=6,16
WITNESS P=3,8,10,11,14,15,16,17,19 M=2,12
WITNESS P=3,7,9,10,11,12,15,16,18 M=4,14
WITNESS P=3,5,6,9,10,11,12,14,18 M=7,17
WITNESS P=4,8,10,11,12,13,16,17,19 M=5,15
WITNESS P=4,6,7,10,11,12,13,15,19 M=8,18
RESULT SDS(20,11,2,[20]) EXIST nP=9 nM=2 nodes=5426081 witnesses=40 mode=all secs=1.345
