# Certificate: decision of SDS(32,28,12,[4,8])
# Date: 2026-08-09 12:35:37 UTC
# Database status at fetch (2026-08-09, sha256 39bab9fce78d5c4353c22ba482ff5c3bb8b8b9931edc5ca0fc60062dfe80ca85): Open ()
# Engine: sds_search.c sha256=e9a34ac00672730d768a798f9c557d04ed61da2ce78efd9cadf65abdc6b1df78
#         binary     sha256=f59fd7eec813c4144232718fbc403811b2f5ed3bf0d97a955962caee4bc0a689
# Command: ./sds_search 32 28 12 4,8 --cap=50
# Decision: EXIST
# RESULT SDS(32,28,12,[4,8]) EXIST nP=24 nM=4 nodes=365745054 witnesses=384 mode=reduced0P secs=129.550
WITNESS_INDICES P=[0, 1, 2, 3, 4, 5, 6, 7, 8, 9, 10, 12, 13, 16, 17, 18, 19, 21, 23, 25, 26, 28, 29, 30] M=[14, 20, 22, 24]
WITNESS_COORDS  P=[[0, 0], [0, 1], [0, 2], [0, 3], [0, 4], [0, 5], [0, 6], [0, 7], [1, 0], [1, 1], [1, 2], [1, 4], [1, 5], [2, 0], [2, 1], [2, 2], [2, 3], [2, 5], [2, 7], [3, 1], [3, 2], [3, 4], [3, 5], [3, 6]] M=[[1, 6], [2, 4], [2, 6], [3, 0]]  (independently verified: True)
WITNESS_INDICES P=[0, 1, 2, 3, 4, 5, 6, 7, 8, 9, 10, 12, 13, 16, 17, 19, 21, 22, 23, 24, 25, 26, 29, 30] M=[14, 18, 20, 28]
WITNESS_COORDS  P=[[0, 0], [0, 1], [0, 2], [0, 3], [0, 4], [0, 5], [0, 6], [0, 7], [1, 0], [1, 1], [1, 2], [1, 4], [1, 5], [2, 0], [2, 1], [2, 3], [2, 5], [2, 6], [2, 7], [3, 0], [3, 1], [3, 2], [3, 5], [3, 6]] M=[[1, 6], [2, 2], [2, 4], [3, 4]]  (independently verified: True)
WITNESS_INDICES P=[0, 1, 2, 3, 4, 5, 6, 7, 8, 9, 10, 12, 13, 17, 18, 19, 20, 21, 23, 24, 25, 26, 29, 30] M=[14, 16, 22, 28]
WITNESS_COORDS  P=[[0, 0], [0, 1], [0, 2], [0, 3], [0, 4], [0, 5], [0, 6], [0, 7], [1, 0], [1, 1], [1, 2], [1, 4], [1, 5], [2, 1], [2, 2], [2, 3], [2, 4], [2, 5], [2, 7], [3, 0], [3, 1], [3, 2], [3, 5], [3, 6]] M=[[1, 6], [2, 0], [2, 6], [3, 4]]  (independently verified: True)
WITNESS_INDICES P=[0, 1, 2, 3, 4, 5, 6, 7, 8, 9, 10, 12, 13, 17, 19, 20, 21, 22, 23, 25, 26, 28, 29, 30] M=[14, 16, 18, 24]
WITNESS_COORDS  P=[[0, 0], [0, 1], [0, 2], [0, 3], [0, 4], [0, 5], [0, 6], [0, 7], [1, 0], [1, 1], [1, 2], [1, 4], [1, 5], [2, 1], [2, 3], [2, 4], [2, 5], [2, 6], [2, 7], [3, 1], [3, 2], [3, 4], [3, 5], [3, 6]] M=[[1, 6], [2, 0], [2, 2], [3, 0]]  (independently verified: True)
WITNESS_INDICES P=[0, 1, 2, 3, 4, 5, 6, 7, 8, 9, 10, 13, 14, 16, 17, 18, 19, 21, 23, 24, 25, 28, 29, 30] M=[12, 20, 22, 26]
WITNESS_COORDS  P=[[0, 0], [0, 1], [0, 2], [0, 3], [0, 4], [0, 5], [0, 6], [0, 7], [1, 0], [1, 1], [1, 2], [1, 5], [1, 6], [2, 0], [2, 1], [2, 2], [2, 3], [2, 5], [2, 7], [3, 0], [3, 1], [3, 4], [3, 5], [3, 6]] M=[[1, 4], [2, 4], [2, 6], [3, 2]]  (independently verified: True)
WITNESS_INDICES P=[0, 1, 2, 3, 4, 5, 6, 7, 8, 9, 10, 13, 14, 16, 17, 19, 21, 22, 23, 24, 25, 26, 28, 29] M=[12, 18, 20, 30]
WITNESS_COORDS  P=[[0, 0], [0, 1], [0, 2], [0, 3], [0, 4], [0, 5], [0, 6], [0, 7], [1, 0], [1, 1], [1, 2], [1, 5], [1, 6], [2, 0], [2, 1], [2, 3], [2, 5], [2, 6], [2, 7], [3, 0], [3, 1], [3, 2], [3, 4], [3, 5]] M=[[1, 4], [2, 2], [2, 4], [3, 6]]  (independently verified: True)
WITNESS_INDICES P=[0, 1, 2, 3, 4, 5, 6, 7, 8, 9, 10, 13, 14, 17, 18, 19, 20, 21, 23, 24, 25, 26, 28, 29] M=[12, 16, 22, 30]
WITNESS_COORDS  P=[[0, 0], [0, 1], [0, 2], [0, 3], [0, 4], [0, 5], [0, 6], [0, 7], [1, 0], [1, 1], [1, 2], [1, 5], [1, 6], [2, 1], [2, 2], [2, 3], [2, 4], [2, 5], [2, 7], [3, 0], [3, 1], [3, 2], [3, 4], [3, 5]] M=[[1, 4], [2, 0], [2, 6], [3, 6]]  (independently verified: True)
WITNESS_INDICES P=[0, 1, 2, 3, 4, 5, 6, 7, 8, 9, 10, 13, 14, 17, 19, 20, 21, 22, 23, 24, 25, 28, 29, 30] M=[12, 16, 18, 26]
WITNESS_COORDS  P=[[0, 0], [0, 1], [0, 2], [0, 3], [0, 4], [0, 5], [0, 6], [0, 7], [1, 0], [1, 1], [1, 2], [1, 5], [1, 6], [2, 1], [2, 3], [2, 4], [2, 5], [2, 6], [2, 7], [3, 0], [3, 1], [3, 4], [3, 5], [3, 6]] M=[[1, 4], [2, 0], [2, 2], [3, 2]]  (independently verified: True)
WITNESS_INDICES P=[0, 1, 2, 3, 4, 5, 6, 7, 8, 9, 12, 13, 14, 16, 17, 18, 19, 21, 23, 24, 25, 26, 29, 30] M=[10, 20, 22, 28]
WITNESS_COORDS  P=[[0, 0], [0, 1], [0, 2], [0, 3], [0, 4], [0, 5], [0, 6], [0, 7], [1, 0], [1, 1], [1, 4], [1, 5], [1, 6], [2, 0], [2, 1], [2, 2], [2, 3], [2, 5], [2, 7], [3, 0], [3, 1], [3, 2], [3, 5], [3, 6]] M=[[1, 2], [2, 4], [2, 6], [3, 4]]  (independently verified: True)
WITNESS_INDICES P=[0, 1, 2, 3, 4, 5, 6, 7, 8, 9, 12, 13, 14, 16, 17, 19, 21, 22, 23, 25, 26, 28, 29, 30] M=[10, 18, 20, 24]
WITNESS_COORDS  P=[[0, 0], [0, 1], [0, 2], [0, 3], [0, 4], [0, 5], [0, 6], [0, 7], [1, 0], [1, 1], [1, 4], [1, 5], [1, 6], [2, 0], [2, 1], [2, 3], [2, 5], [2, 6], [2, 7], [3, 1], [3, 2], [3, 4], [3, 5], [3, 6]] M=[[1, 2], [2, 2], [2, 4], [3, 0]]  (independently verified: True)
WITNESS_INDICES P=[0, 1, 2, 3, 4, 5, 6, 7, 8, 9, 12, 13, 14, 17, 18, 19, 20, 21, 23, 25, 26, 28, 29, 30] M=[10, 16, 22, 24]
WITNESS_COORDS  P=[[0, 0], [0, 1], [0, 2], [0, 3], [0, 4], [0, 5], [0, 6], [0, 7], [1, 0], [1, 1], [1, 4], [1, 5], [1, 6], [2, 1], [2, 2], [2, 3], [2, 4], [2, 5], [2, 7], [3, 1], [3, 2], [3, 4], [3, 5], [3, 6]] M=[[1, 2], [2, 0], [2, 6], [3, 0]]  (independently verified: True)
WITNESS_INDICES P=[0, 1, 2, 3, 4, 5, 6, 7, 8, 9, 12, 13, 14, 17, 19, 20, 21, 22, 23, 24, 25, 26, 29, 30] M=[10, 16, 18, 28]
WITNESS_COORDS  P=[[0, 0], [0, 1], [0, 2], [0, 3], [0, 4], [0, 5], [0, 6], [0, 7], [1, 0], [1, 1], [1, 4], [1, 5], [1, 6], [2, 1], [2, 3], [2, 4], [2, 5], [2, 6], [2, 7], [3, 0], [3, 1], [3, 2], [3, 5], [3, 6]] M=[[1, 2], [2, 0], [2, 2], [3, 4]]  (independently verified: True)
WITNESS_INDICES P=[0, 1, 2, 3, 4, 5, 6, 7, 8, 9, 11, 12, 13, 16, 17, 18, 19, 20, 22, 24, 27, 28, 29, 31] M=[15, 21, 23, 25]
WITNESS_COORDS  P=[[0, 0], [0, 1], [0, 2], [0, 3], [0, 4], [0, 5], [0, 6], [0, 7], [1, 0], [1, 1], [1, 3], [1, 4], [1, 5], [2, 0], [2, 1], [2, 2], [2, 3], [2, 4], [2, 6], [3, 0], [3, 3], [3, 4], [3, 5], [3, 7]] M=[[1, 7], [2, 5], [2, 7], [3, 1]]  (independently verified: True)
WITNESS_INDICES P=[0, 1, 2, 3, 4, 5, 6, 7, 8, 9, 11, 12, 13, 16, 17, 18, 20, 22, 23, 24, 25, 27, 28, 31] M=[15, 19, 21, 29]
WITNESS_COORDS  P=[[0, 0], [0, 1], [0, 2], [0, 3], [0, 4], [0, 5], [0, 6], [0, 7], [1, 0], [1, 1], [1, 3], [1, 4], [1, 5], [2, 0], [2, 1], [2, 2], [2, 4], [2, 6], [2, 7], [3, 0], [3, 1], [3, 3], [3, 4], [3, 7]] M=[[1, 7], [2, 3], [2, 5], [3, 5]]  (independently verified: True)
WITNESS_INDICES P=[0, 1, 2, 3, 4, 5, 6, 7, 8, 9, 11, 12, 13, 16, 18, 19, 20, 21, 22, 24, 25, 27, 28, 31] M=[15, 17, 23, 29]
WITNESS_COORDS  P=[[0, 0], [0, 1], [0, 2], [0, 3], [0, 4], [0, 5], [0, 6], [0, 7], [1, 0], [1, 1], [1, 3], [1, 4], [1, 5], [2, 0], [2, 2], [2, 3], [2, 4], [2, 5], [2, 6], [3, 0], [3, 1], [3, 3], [3, 4], [3, 7]] M=[[1, 7], [2, 1], [2, 7], [3, 5]]  (independently verified: True)
WITNESS_INDICES P=[0, 1, 2, 3, 4, 5, 6, 7, 8, 9, 11, 12, 13, 16, 18, 20, 21, 22, 23, 24, 27, 28, 29, 31] M=[15, 17, 19, 25]
WITNESS_COORDS  P=[[0, 0], [0, 1], [0, 2], [0, 3], [0, 4], [0, 5], [0, 6], [0, 7], [1, 0], [1, 1], [1, 3], [1, 4], [1, 5], [2, 0], [2, 2], [2, 4], [2, 5], [2, 6], [2, 7], [3, 0], [3, 3], [3, 4], [3, 5], [3, 7]] M=[[1, 7], [2, 1], [2, 3], [3, 1]]  (independently verified: True)
WITNESS_INDICES P=[0, 1, 2, 3, 4, 5, 6, 7, 8, 9, 11, 12, 15, 16, 17, 18, 19, 20, 22, 24, 25, 28, 29, 31] M=[13, 21, 23, 27]
WITNESS_COORDS  P=[[0, 0], [0, 1], [0, 2], [0, 3], [0, 4], [0, 5], [0, 6], [0, 7], [1, 0], [1, 1], [1, 3], [1, 4], [1, 7], [2, 0], [2, 1], [2, 2], [2, 3], [2, 4], [2, 6], [3, 0], [3, 1], [3, 4], [3, 5], [3, 7]] M=[[1, 5], [2, 5], [2, 7], [3, 3]]  (independently verified: True)
WITNESS_INDICES P=[0, 1, 2, 3, 4, 5, 6, 7, 8, 9, 11, 12, 15, 16, 17, 18, 20, 22, 23, 24, 25, 27, 28, 29] M=[13, 19, 21, 31]
WITNESS_COORDS  P=[[0, 0], [0, 1], [0, 2], [0, 3], [0, 4], [0, 5], [0, 6], [0, 7], [1, 0], [1, 1], [1, 3], [1, 4], [1, 7], [2, 0], [2, 1], [2, 2], [2, 4], [2, 6], [2, 7], [3, 0], [3, 1], [3, 3], [3, 4], [3, 5]] M=[[1, 5], [2, 3], [2, 5], [3, 7]]  (independently verified: True)
WITNESS_INDICES P=[0, 1, 2, 3, 4, 5, 6, 7, 8, 9, 11, 12, 15, 16, 18, 19, 20, 21, 22, 24, 25, 27, 28, 29] M=[13, 17, 23, 31]
WITNESS_COORDS  P=[[0, 0], [0, 1], [0, 2], [0, 3], [0, 4], [0, 5], [0, 6], [0, 7], [1, 0], [1, 1], [1, 3], [1, 4], [1, 7], [2, 0], [2, 2], [2, 3], [2, 4], [2, 5], [2, 6], [3, 0], [3, 1], [3, 3], [3, 4], [3, 5]] M=[[1, 5], [2, 1], [2, 7], [3, 7]]  (independently verified: True)
WITNESS_INDICES P=[0, 1, 2, 3, 4, 5, 6, 7, 8, 9, 11, 12, 15, 16, 18, 20, 21, 22, 23, 24, 25, 28, 29, 31] M=[13, 17, 19, 27]
WITNESS_COORDS  P=[[0, 0], [0, 1], [0, 2], [0, 3], [0, 4], [0, 5], [0, 6], [0, 7], [1, 0], [1, 1], [1, 3], [1, 4], [1, 7], [2, 0], [2, 2], [2, 4], [2, 5], [2, 6], [2, 7], [3, 0], [3, 1], [3, 4], [3, 5], [3, 7]] M=[[1, 5], [2, 1], [2, 3], [3, 3]]  (independently verified: True)
WITNESS_INDICES P=[0, 1, 2, 3, 4, 5, 6, 7, 8, 9, 12, 13, 15, 16, 17, 18, 19, 20, 22, 24, 25, 27, 28, 31] M=[11, 21, 23, 29]
WITNESS_COORDS  P=[[0, 0], [0, 1], [0, 2], [0, 3], [0, 4], [0, 5], [0, 6], [0, 7], [1, 0], [1, 1], [1, 4], [1, 5], [1, 7], [2, 0], [2, 1], [2, 2], [2, 3], [2, 4], [2, 6], [3, 0], [3, 1], [3, 3], [3, 4], [3, 7]] M=[[1, 3], [2, 5], [2, 7], [3, 5]]  (independently verified: True)
WITNESS_INDICES P=[0, 1, 2, 3, 4, 5, 6, 7, 8, 9, 12, 13, 15, 16, 17, 18, 20, 22, 23, 24, 27, 28, 29, 31] M=[11, 19, 21, 25]
WITNESS_COORDS  P=[[0, 0], [0, 1], [0, 2], [0, 3], [0, 4], [0, 5], [0, 6], [0, 7], [1, 0], [1, 1], [1, 4], [1, 5], [1, 7], [2, 0], [2, 1], [2, 2], [2, 4], [2, 6], [2, 7], [3, 0], [3, 3], [3, 4], [3, 5], [3, 7]] M=[[1, 3], [2, 3], [2, 5], [3, 1]]  (independently verified: True)
WITNESS_INDICES P=[0, 1, 2, 3, 4, 5, 6, 7, 8, 9, 12, 13, 15, 16, 18, 19, 20, 21, 22, 24, 27, 28, 29, 31] M=[11, 17, 23, 25]
WITNESS_COORDS  P=[[0, 0], [0, 1], [0, 2], [0, 3], [0, 4], [0, 5], [0, 6], [0, 7], [1, 0], [1, 1], [1, 4], [1, 5], [1, 7], [2, 0], [2, 2], [2, 3], [2, 4], [2, 5], [2, 6], [3, 0], [3, 3], [3, 4], [3, 5], [3, 7]] M=[[1, 3], [2, 1], [2, 7], [3, 1]]  (independently verified: True)
WITNESS_INDICES P=[0, 1, 2, 3, 4, 5, 6, 7, 8, 9, 12, 13, 15, 16, 18, 20, 21, 22, 23, 24, 25, 27, 28, 31] M=[11, 17, 19, 29]
WITNESS_COORDS  P=[[0, 0], [0, 1], [0, 2], [0, 3], [0, 4], [0, 5], [0, 6], [0, 7], [1, 0], [1, 1], [1, 4], [1, 5], [1, 7], [2, 0], [2, 2], [2, 4], [2, 5], [2, 6], [2, 7], [3, 0], [3, 1], [3, 3], [3, 4], [3, 7]] M=[[1, 3], [2, 1], [2, 3], [3, 5]]  (independently verified: True)
WITNESS_INDICES P=[0, 1, 2, 3, 4, 5, 6, 7, 8, 11, 12, 13, 15, 16, 17, 18, 19, 20, 22, 24, 25, 27, 28, 29] M=[9, 21, 23, 31]
WITNESS_COORDS  P=[[0, 0], [0, 1], [0, 2], [0, 3], [0, 4], [0, 5], [0, 6], [0, 7], [1, 0], [1, 3], [1, 4], [1, 5], [1, 7], [2, 0], [2, 1], [2, 2], [2, 3], [2, 4], [2, 6], [3, 0], [3, 1], [3, 3], [3, 4], [3, 5]] M=[[1, 1], [2, 5], [2, 7], [3, 7]]  (independently verified: True)
WITNESS_INDICES P=[0, 1, 2, 3, 4, 5, 6, 7, 8, 11, 12, 13, 15, 16, 17, 18, 20, 22, 23, 24, 25, 28, 29, 31] M=[9, 19, 21, 27]
WITNESS_COORDS  P=[[0, 0], [0, 1], [0, 2], [0, 3], [0, 4], [0, 5], [0, 6], [0, 7], [1, 0], [1, 3], [1, 4], [1, 5], [1, 7], [2, 0], [2, 1], [2, 2], [2, 4], [2, 6], [2, 7], [3, 0], [3, 1], [3, 4], [3, 5], [3, 7]] M=[[1, 1], [2, 3], [2, 5], [3, 3]]  (independently verified: True)
WITNESS_INDICES P=[0, 1, 2, 3, 4, 5, 6, 7, 8, 11, 12, 13, 15, 16, 18, 19, 20, 21, 22, 24, 25, 28, 29, 31] M=[9, 17, 23, 27]
WITNESS_COORDS  P=[[0, 0], [0, 1], [0, 2], [0, 3], [0, 4], [0, 5], [0, 6], [0, 7], [1, 0], [1, 3], [1, 4], [1, 5], [1, 7], [2, 0], [2, 2], [2, 3], [2, 4], [2, 5], [2, 6], [3, 0], [3, 1], [3, 4], [3, 5], [3, 7]] M=[[1, 1], [2, 1], [2, 7], [3, 3]]  (independently verified: True)
WITNESS_INDICES P=[0, 1, 2, 3, 4, 5, 6, 7, 8, 11, 12, 13, 15, 16, 18, 20, 21, 22, 23, 24, 25, 27, 28, 29] M=[9, 17, 19, 31]
WITNESS_COORDS  P=[[0, 0], [0, 1], [0, 2], [0, 3], [0, 4], [0, 5], [0, 6], [0, 7], [1, 0], [1, 3], [1, 4], [1, 5], [1, 7], [2, 0], [2, 2], [2, 4], [2, 5], [2, 6], [2, 7], [3, 0], [3, 1], [3, 3], [3, 4], [3, 5]] M=[[1, 1], [2, 1], [2, 3], [3, 7]]  (independently verified: True)
WITNESS_INDICES P=[0, 1, 2, 3, 4, 5, 6, 7, 8, 10, 11, 12, 15, 16, 17, 18, 19, 21, 23, 26, 27, 28, 30, 31] M=[14, 20, 22, 24]
WITNESS_COORDS  P=[[0, 0], [0, 1], [0, 2], [0, 3], [0, 4], [0, 5], [0, 6], [0, 7], [1, 0], [1, 2], [1, 3], [1, 4], [1, 7], [2, 0], [2, 1], [2, 2], [2, 3], [2, 5], [2, 7], [3, 2], [3, 3], [3, 4], [3, 6], [3, 7]] M=[[1, 6], [2, 4], [2, 6], [3, 0]]  (independently verified: True)
WITNESS_INDICES P=[0, 1, 2, 3, 4, 5, 6, 7, 8, 10, 11, 12, 15, 16, 17, 19, 21, 22, 23, 24, 26, 27, 30, 31] M=[14, 18, 20, 28]
WITNESS_COORDS  P=[[0, 0], [0, 1], [0, 2], [0, 3], [0, 4], [0, 5], [0, 6], [0, 7], [1, 0], [1, 2], [1, 3], [1, 4], [1, 7], [2, 0], [2, 1], [2, 3], [2, 5], [2, 6], [2, 7], [3, 0], [3, 2], [3, 3], [3, 6], [3, 7]] M=[[1, 6], [2, 2], [2, 4], [3, 4]]  (independently verified: True)
WITNESS_INDICES P=[0, 1, 2, 3, 4, 5, 6, 7, 8, 10, 11, 12, 15, 17, 18, 19, 20, 21, 23, 24, 26, 27, 30, 31] M=[14, 16, 22, 28]
WITNESS_COORDS  P=[[0, 0], [0, 1], [0, 2], [0, 3], [0, 4], [0, 5], [0, 6], [0, 7], [1, 0], [1, 2], [1, 3], [1, 4], [1, 7], [2, 1], [2, 2], [2, 3], [2, 4], [2, 5], [2, 7], [3, 0], [3, 2], [3, 3], [3, 6], [3, 7]] M=[[1, 6], [2, 0], [2, 6], [3, 4]]  (independently verified: True)
WITNESS_INDICES P=[0, 1, 2, 3, 4, 5, 6, 7, 8, 10, 11, 12, 15, 17, 19, 20, 21, 22, 23, 26, 27, 28, 30, 31] M=[14, 16, 18, 24]
WITNESS_COORDS  P=[[0, 0], [0, 1], [0, 2], [0, 3], [0, 4], [0, 5], [0, 6], [0, 7], [1, 0], [1, 2], [1, 3], [1, 4], [1, 7], [2, 1], [2, 3], [2, 4], [2, 5], [2, 6], [2, 7], [3, 2], [3, 3], [3, 4], [3, 6], [3, 7]] M=[[1, 6], [2, 0], [2, 2], [3, 0]]  (independently verified: True)
WITNESS_INDICES P=[0, 1, 2, 3, 4, 5, 6, 7, 8, 10, 11, 14, 15, 16, 17, 18, 19, 21, 23, 24, 27, 28, 30, 31] M=[12, 20, 22, 26]
WITNESS_COORDS  P=[[0, 0], [0, 1], [0, 2], [0, 3], [0, 4], [0, 5], [0, 6], [0, 7], [1, 0], [1, 2], [1, 3], [1, 6], [1, 7], [2, 0], [2, 1], [2, 2], [2, 3], [2, 5], [2, 7], [3, 0], [3, 3], [3, 4], [3, 6], [3, 7]] M=[[1, 4], [2, 4], [2, 6], [3, 2]]  (independently verified: True)
WITNESS_INDICES P=[0, 1, 2, 3, 4, 5, 6, 7, 8, 10, 11, 14, 15, 16, 17, 19, 21, 22, 23, 24, 26, 27, 28, 31] M=[12, 18, 20, 30]
WITNESS_COORDS  P=[[0, 0], [0, 1], [0, 2], [0, 3], [0, 4], [0, 5], [0, 6], [0, 7], [1, 0], [1, 2], [1, 3], [1, 6], [1, 7], [2, 0], [2, 1], [2, 3], [2, 5], [2, 6], [2, 7], [3, 0], [3, 2], [3, 3], [3, 4], [3, 7]] M=[[1, 4], [2, 2], [2, 4], [3, 6]]  (independently verified: True)
WITNESS_INDICES P=[0, 1, 2, 3, 4, 5, 6, 7, 8, 10, 11, 14, 15, 17, 18, 19, 20, 21, 23, 24, 26, 27, 28, 31] M=[12, 16, 22, 30]
WITNESS_COORDS  P=[[0, 0], [0, 1], [0, 2], [0, 3], [0, 4], [0, 5], [0, 6], [0, 7], [1, 0], [1, 2], [1, 3], [1, 6], [1, 7], [2, 1], [2, 2], [2, 3], [2, 4], [2, 5], [2, 7], [3, 0], [3, 2], [3, 3], [3, 4], [3, 7]] M=[[1, 4], [2, 0], [2, 6], [3, 6]]  (independently verified: True)
WITNESS_INDICES P=[0, 1, 2, 3, 4, 5, 6, 7, 8, 10, 11, 14, 15, 17, 19, 20, 21, 22, 23, 24, 27, 28, 30, 31] M=[12, 16, 18, 26]
WITNESS_COORDS  P=[[0, 0], [0, 1], [0, 2], [0, 3], [0, 4], [0, 5], [0, 6], [0, 7], [1, 0], [1, 2], [1, 3], [1, 6], [1, 7], [2, 1], [2, 3], [2, 4], [2, 5], [2, 6], [2, 7], [3, 0], [3, 3], [3, 4], [3, 6], [3, 7]] M=[[1, 4], [2, 0], [2, 2], [3, 2]]  (independently verified: True)
WITNESS_INDICES P=[0, 1, 2, 3, 4, 5, 6, 7, 8, 11, 12, 14, 15, 16, 17, 18, 19, 21, 23, 24, 26, 27, 30, 31] M=[10, 20, 22, 28]
WITNESS_COORDS  P=[[0, 0], [0, 1], [0, 2], [0, 3], [0, 4], [0, 5], [0, 6], [0, 7], [1, 0], [1, 3], [1, 4], [1, 6], [1, 7], [2, 0], [2, 1], [2, 2], [2, 3], [2, 5], [2, 7], [3, 0], [3, 2], [3, 3], [3, 6], [3, 7]] M=[[1, 2], [2, 4], [2, 6], [3, 4]]  (independently verified: True)
WITNESS_INDICES P=[0, 1, 2, 3, 4, 5, 6, 7, 8, 11, 12, 14, 15, 16, 17, 19, 21, 22, 23, 26, 27, 28, 30, 31] M=[10, 18, 20, 24]
WITNESS_COORDS  P=[[0, 0], [0, 1], [0, 2], [0, 3], [0, 4], [0, 5], [0, 6], [0, 7], [1, 0], [1, 3], [1, 4], [1, 6], [1, 7], [2, 0], [2, 1], [2, 3], [2, 5], [2, 6], [2, 7], [3, 2], [3, 3], [3, 4], [3, 6], [3, 7]] M=[[1, 2], [2, 2], [2, 4], [3, 0]]  (independently verified: True)
WITNESS_INDICES P=[0, 1, 2, 3, 4, 5, 6, 7, 8, 11, 12, 14, 15, 17, 18, 19, 20, 21, 23, 26, 27, 28, 30, 31] M=[10, 16, 22, 24]
WITNESS_COORDS  P=[[0, 0], [0, 1], [0, 2], [0, 3], [0, 4], [0, 5], [0, 6], [0, 7], [1, 0], [1, 3], [1, 4], [1, 6], [1, 7], [2, 1], [2, 2], [2, 3], [2, 4], [2, 5], [2, 7], [3, 2], [3, 3], [3, 4], [3, 6], [3, 7]] M=[[1, 2], [2, 0], [2, 6], [3, 0]]  (independently verified: True)
WITNESS_INDICES P=[0, 1, 2, 3, 4, 5, 6, 7, 8, 11, 12, 14, 15, 17, 19, 20, 21, 22, 23, 24, 26, 27, 30, 31] M=[10, 16, 18, 28]
WITNESS_COORDS  P=[[0, 0], [0, 1], [0, 2], [0, 3], [0, 4], [0, 5], [0, 6], [0, 7], [1, 0], [1, 3], [1, 4], [1, 6], [1, 7], [2, 1], [2, 3], [2, 4], [2, 5], [2, 6], [2, 7], [3, 0], [3, 2], [3, 3], [3, 6], [3, 7]] M=[[1, 2], [2, 0], [2, 2], [3, 4]]  (independently verified: True)
WITNESS_INDICES P=[0, 1, 2, 3, 4, 5, 6, 7, 9, 10, 12, 13, 14, 16, 17, 18, 19, 21, 23, 24, 25, 26, 28, 29] M=[8, 20, 22, 30]
WITNESS_COORDS  P=[[0, 0], [0, 1], [0, 2], [0, 3], [0, 4], [0, 5], [0, 6], [0, 7], [1, 1], [1, 2], [1, 4], [1, 5], [1, 6], [2, 0], [2, 1], [2, 2], [2, 3], [2, 5], [2, 7], [3, 0], [3, 1], [3, 2], [3, 4], [3, 5]] M=[[1, 0], [2, 4], [2, 6], [3, 6]]  (independently verified: True)
WITNESS_INDICES P=[0, 1, 2, 3, 4, 5, 6, 7, 9, 10, 12, 13, 14, 16, 17, 19, 21, 22, 23, 24, 25, 28, 29, 30] M=[8, 18, 20, 26]
WITNESS_COORDS  P=[[0, 0], [0, 1], [0, 2], [0, 3], [0, 4], [0, 5], [0, 6], [0, 7], [1, 1], [1, 2], [1, 4], [1, 5], [1, 6], [2, 0], [2, 1], [2, 3], [2, 5], [2, 6], [2, 7], [3, 0], [3, 1], [3, 4], [3, 5], [3, 6]] M=[[1, 0], [2, 2], [2, 4], [3, 2]]  (independently verified: True)
WITNESS_INDICES P=[0, 1, 2, 3, 4, 5, 6, 7, 9, 10, 12, 13, 14, 17, 18, 19, 20, 21, 23, 24, 25, 28, 29, 30] M=[8, 16, 22, 26]
WITNESS_COORDS  P=[[0, 0], [0, 1], [0, 2], [0, 3], [0, 4], [0, 5], [0, 6], [0, 7], [1, 1], [1, 2], [1, 4], [1, 5], [1, 6], [2, 1], [2, 2], [2, 3], [2, 4], [2, 5], [2, 7], [3, 0], [3, 1], [3, 4], [3, 5], [3, 6]] M=[[1, 0], [2, 0], [2, 6], [3, 2]]  (independently verified: True)
WITNESS_INDICES P=[0, 1, 2, 3, 4, 5, 6, 7, 9, 10, 12, 13, 14, 17, 19, 20, 21, 22, 23, 24, 25, 26, 28, 29] M=[8, 16, 18, 30]
WITNESS_COORDS  P=[[0, 0], [0, 1], [0, 2], [0, 3], [0, 4], [0, 5], [0, 6], [0, 7], [1, 1], [1, 2], [1, 4], [1, 5], [1, 6], [2, 1], [2, 3], [2, 4], [2, 5], [2, 6], [2, 7], [3, 0], [3, 1], [3, 2], [3, 4], [3, 5]] M=[[1, 0], [2, 0], [2, 2], [3, 6]]  (independently verified: True)
WITNESS_INDICES P=[0, 1, 2, 3, 4, 5, 6, 7, 10, 11, 12, 14, 15, 16, 17, 18, 19, 21, 23, 24, 26, 27, 28, 31] M=[8, 20, 22, 30]
WITNESS_COORDS  P=[[0, 0], [0, 1], [0, 2], [0, 3], [0, 4], [0, 5], [0, 6], [0, 7], [1, 2], [1, 3], [1, 4], [1, 6], [1, 7], [2, 0], [2, 1], [2, 2], [2, 3], [2, 5], [2, 7], [3, 0], [3, 2], [3, 3], [3, 4], [3, 7]] M=[[1, 0], [2, 4], [2, 6], [3, 6]]  (independently verified: True)
WITNESS_INDICES P=[0, 1, 2, 3, 4, 5, 6, 7, 10, 11, 12, 14, 15, 16, 17, 19, 21, 22, 23, 24, 27, 28, 30, 31] M=[8, 18, 20, 26]
WITNESS_COORDS  P=[[0, 0], [0, 1], [0, 2], [0, 3], [0, 4], [0, 5], [0, 6], [0, 7], [1, 2], [1, 3], [1, 4], [1, 6], [1, 7], [2, 0], [2, 1], [2, 3], [2, 5], [2, 6], [2, 7], [3, 0], [3, 3], [3, 4], [3, 6], [3, 7]] M=[[1, 0], [2, 2], [2, 4], [3, 2]]  (independently verified: True)
WITNESS_INDICES P=[0, 1, 2, 3, 4, 5, 6, 7, 10, 11, 12, 14, 15, 17, 18, 19, 20, 21, 23, 24, 27, 28, 30, 31] M=[8, 16, 22, 26]
WITNESS_COORDS  P=[[0, 0], [0, 1], [0, 2], [0, 3], [0, 4], [0, 5], [0, 6], [0, 7], [1, 2], [1, 3], [1, 4], [1, 6], [1, 7], [2, 1], [2, 2], [2, 3], [2, 4], [2, 5], [2, 7], [3, 0], [3, 3], [3, 4], [3, 6], [3, 7]] M=[[1, 0], [2, 0], [2, 6], [3, 2]]  (independently verified: True)
WITNESS_INDICES P=[0, 1, 2, 3, 4, 5, 6, 7, 10, 11, 12, 14, 15, 17, 19, 20, 21, 22, 23, 24, 26, 27, 28, 31] M=[8, 16, 18, 30]
WITNESS_COORDS  P=[[0, 0], [0, 1], [0, 2], [0, 3], [0, 4], [0, 5], [0, 6], [0, 7], [1, 2], [1, 3], [1, 4], [1, 6], [1, 7], [2, 1], [2, 3], [2, 4], [2, 5], [2, 6], [2, 7], [3, 0], [3, 2], [3, 3], [3, 4], [3, 7]] M=[[1, 0], [2, 0], [2, 2], [3, 6]]  (independently verified: True)
WITNESS_INDICES P=[0, 1, 2, 3, 4, 5, 6, 7, 9, 10, 11, 13, 14, 16, 17, 18, 19, 20, 22, 26, 27, 29, 30, 31] M=[15, 21, 23, 25]
WITNESS_COORDS  P=[[0, 0], [0, 1], [0, 2], [0, 3], [0, 4], [0, 5], [0, 6], [0, 7], [1, 1], [1, 2], [1, 3], [1, 5], [1, 6], [2, 0], [2, 1], [2, 2], [2, 3], [2, 4], [2, 6], [3, 2], [3, 3], [3, 5], [3, 6], [3, 7]] M=[[1, 7], [2, 5], [2, 7], [3, 1]]  (independently verified: True)
WITNESS_INDICES P=[0, 1, 2, 3, 4, 5, 6, 7, 9, 10, 11, 13, 14, 16, 17, 18, 20, 22, 23, 25, 26, 27, 30, 31] M=[15, 19, 21, 29]
WITNESS_COORDS  P=[[0, 0], [0, 1], [0, 2], [0, 3], [0, 4], [0, 5], [0, 6], [0, 7], [1, 1], [1, 2], [1, 3], [1, 5], [1, 6], [2, 0], [2, 1], [2, 2], [2, 4], [2, 6], [2, 7], [3, 1], [3, 2], [3, 3], [3, 6], [3, 7]] M=[[1, 7], [2, 3], [2, 5], [3, 5]]  (independently verified: True)
