# Certificate: decision of SDS(27,17,8,[3,3,3])
# Date: 2026-08-09 12:35:37 UTC
# Database status at fetch (2026-08-09, sha256 39bab9fce78d5c4353c22ba482ff5c3bb8b8b9931edc5ca0fc60062dfe80ca85): Open ()
# Engine: sds_search.c sha256=e9a34ac00672730d768a798f9c557d04ed61da2ce78efd9cadf65abdc6b1df78
#         binary     sha256=f59fd7eec813c4144232718fbc403811b2f5ed3bf0d97a955962caee4bc0a689
# Command: ./sds_search 27 17 8 3,3,3 --cap=50
# Decision: EXIST
# RESULT SDS(27,17,8,[3,3,3]) EXIST nP=16 nM=1 nodes=52628369 witnesses=48672 mode=reduced0P secs=14.620
WITNESS_INDICES P=[0, 1, 2, 3, 4, 5, 6, 7, 9, 10, 12, 13, 20, 23, 24, 25] M=[8]
WITNESS_COORDS  P=[[0, 0, 0], [0, 0, 1], [0, 0, 2], [0, 1, 0], [0, 1, 1], [0, 1, 2], [0, 2, 0], [0, 2, 1], [1, 0, 0], [1, 0, 1], [1, 1, 0], [1, 1, 1], [2, 0, 2], [2, 1, 2], [2, 2, 0], [2, 2, 1]] M=[[0, 2, 2]]  (independently verified: True)
WITNESS_INDICES P=[0, 1, 2, 3, 4, 5, 6, 7, 9, 10, 12, 14, 18, 23, 24, 26] M=[8]
WITNESS_COORDS  P=[[0, 0, 0], [0, 0, 1], [0, 0, 2], [0, 1, 0], [0, 1, 1], [0, 1, 2], [0, 2, 0], [0, 2, 1], [1, 0, 0], [1, 0, 1], [1, 1, 0], [1, 1, 2], [2, 0, 0], [2, 1, 2], [2, 2, 0], [2, 2, 2]] M=[[0, 2, 2]]  (independently verified: True)
WITNESS_INDICES P=[0, 1, 2, 3, 4, 5, 6, 7, 9, 10, 12, 16, 18, 20, 25, 26] M=[8]
WITNESS_COORDS  P=[[0, 0, 0], [0, 0, 1], [0, 0, 2], [0, 1, 0], [0, 1, 1], [0, 1, 2], [0, 2, 0], [0, 2, 1], [1, 0, 0], [1, 0, 1], [1, 1, 0], [1, 2, 1], [2, 0, 0], [2, 0, 2], [2, 2, 1], [2, 2, 2]] M=[[0, 2, 2]]  (independently verified: True)
WITNESS_INDICES P=[0, 1, 2, 3, 4, 5, 6, 7, 9, 10, 13, 14, 19, 23, 25, 26] M=[8]
WITNESS_COORDS  P=[[0, 0, 0], [0, 0, 1], [0, 0, 2], [0, 1, 0], [0, 1, 1], [0, 1, 2], [0, 2, 0], [0, 2, 1], [1, 0, 0], [1, 0, 1], [1, 1, 1], [1, 1, 2], [2, 0, 1], [2, 1, 2], [2, 2, 1], [2, 2, 2]] M=[[0, 2, 2]]  (independently verified: True)
WITNESS_INDICES P=[0, 1, 2, 3, 4, 5, 6, 7, 9, 10, 13, 15, 19, 20, 24, 26] M=[8]
WITNESS_COORDS  P=[[0, 0, 0], [0, 0, 1], [0, 0, 2], [0, 1, 0], [0, 1, 1], [0, 1, 2], [0, 2, 0], [0, 2, 1], [1, 0, 0], [1, 0, 1], [1, 1, 1], [1, 2, 0], [2, 0, 1], [2, 0, 2], [2, 2, 0], [2, 2, 2]] M=[[0, 2, 2]]  (independently verified: True)
WITNESS_INDICES P=[0, 1, 2, 3, 4, 5, 6, 7, 9, 10, 14, 17, 18, 19, 24, 25] M=[8]
WITNESS_COORDS  P=[[0, 0, 0], [0, 0, 1], [0, 0, 2], [0, 1, 0], [0, 1, 1], [0, 1, 2], [0, 2, 0], [0, 2, 1], [1, 0, 0], [1, 0, 1], [1, 1, 2], [1, 2, 2], [2, 0, 0], [2, 0, 1], [2, 2, 0], [2, 2, 1]] M=[[0, 2, 2]]  (independently verified: True)
WITNESS_INDICES P=[0, 1, 2, 3, 4, 5, 6, 7, 9, 10, 15, 16, 18, 19, 23, 26] M=[8]
WITNESS_COORDS  P=[[0, 0, 0], [0, 0, 1], [0, 0, 2], [0, 1, 0], [0, 1, 1], [0, 1, 2], [0, 2, 0], [0, 2, 1], [1, 0, 0], [1, 0, 1], [1, 2, 0], [1, 2, 1], [2, 0, 0], [2, 0, 1], [2, 1, 2], [2, 2, 2]] M=[[0, 2, 2]]  (independently verified: True)
WITNESS_INDICES P=[0, 1, 2, 3, 4, 5, 6, 7, 9, 10, 15, 17, 18, 20, 23, 24] M=[8]
WITNESS_COORDS  P=[[0, 0, 0], [0, 0, 1], [0, 0, 2], [0, 1, 0], [0, 1, 1], [0, 1, 2], [0, 2, 0], [0, 2, 1], [1, 0, 0], [1, 0, 1], [1, 2, 0], [1, 2, 2], [2, 0, 0], [2, 0, 2], [2, 1, 2], [2, 2, 0]] M=[[0, 2, 2]]  (independently verified: True)
WITNESS_INDICES P=[0, 1, 2, 3, 4, 5, 6, 7, 9, 10, 16, 17, 19, 20, 23, 25] M=[8]
WITNESS_COORDS  P=[[0, 0, 0], [0, 0, 1], [0, 0, 2], [0, 1, 0], [0, 1, 1], [0, 1, 2], [0, 2, 0], [0, 2, 1], [1, 0, 0], [1, 0, 1], [1, 2, 1], [1, 2, 2], [2, 0, 1], [2, 0, 2], [2, 1, 2], [2, 2, 1]] M=[[0, 2, 2]]  (independently verified: True)
WITNESS_INDICES P=[0, 1, 2, 3, 4, 5, 6, 7, 9, 11, 12, 13, 20, 21, 24, 26] M=[8]
WITNESS_COORDS  P=[[0, 0, 0], [0, 0, 1], [0, 0, 2], [0, 1, 0], [0, 1, 1], [0, 1, 2], [0, 2, 0], [0, 2, 1], [1, 0, 0], [1, 0, 2], [1, 1, 0], [1, 1, 1], [2, 0, 2], [2, 1, 0], [2, 2, 0], [2, 2, 2]] M=[[0, 2, 2]]  (independently verified: True)
WITNESS_INDICES P=[0, 1, 2, 3, 4, 5, 6, 7, 9, 11, 12, 14, 18, 21, 25, 26] M=[8]
WITNESS_COORDS  P=[[0, 0, 0], [0, 0, 1], [0, 0, 2], [0, 1, 0], [0, 1, 1], [0, 1, 2], [0, 2, 0], [0, 2, 1], [1, 0, 0], [1, 0, 2], [1, 1, 0], [1, 1, 2], [2, 0, 0], [2, 1, 0], [2, 2, 1], [2, 2, 2]] M=[[0, 2, 2]]  (independently verified: True)
WITNESS_INDICES P=[0, 1, 2, 3, 4, 5, 6, 7, 9, 11, 12, 17, 18, 20, 24, 25] M=[8]
WITNESS_COORDS  P=[[0, 0, 0], [0, 0, 1], [0, 0, 2], [0, 1, 0], [0, 1, 1], [0, 1, 2], [0, 2, 0], [0, 2, 1], [1, 0, 0], [1, 0, 2], [1, 1, 0], [1, 2, 2], [2, 0, 0], [2, 0, 2], [2, 2, 0], [2, 2, 1]] M=[[0, 2, 2]]  (independently verified: True)
WITNESS_INDICES P=[0, 1, 2, 3, 4, 5, 6, 7, 9, 11, 13, 14, 19, 21, 24, 25] M=[8]
WITNESS_COORDS  P=[[0, 0, 0], [0, 0, 1], [0, 0, 2], [0, 1, 0], [0, 1, 1], [0, 1, 2], [0, 2, 0], [0, 2, 1], [1, 0, 0], [1, 0, 2], [1, 1, 1], [1, 1, 2], [2, 0, 1], [2, 1, 0], [2, 2, 0], [2, 2, 1]] M=[[0, 2, 2]]  (independently verified: True)
WITNESS_INDICES P=[0, 1, 2, 3, 4, 5, 6, 7, 9, 11, 13, 16, 19, 20, 25, 26] M=[8]
WITNESS_COORDS  P=[[0, 0, 0], [0, 0, 1], [0, 0, 2], [0, 1, 0], [0, 1, 1], [0, 1, 2], [0, 2, 0], [0, 2, 1], [1, 0, 0], [1, 0, 2], [1, 1, 1], [1, 2, 1], [2, 0, 1], [2, 0, 2], [2, 2, 1], [2, 2, 2]] M=[[0, 2, 2]]  (independently verified: True)
WITNESS_INDICES P=[0, 1, 2, 3, 4, 5, 6, 7, 9, 11, 14, 15, 18, 19, 24, 26] M=[8]
WITNESS_COORDS  P=[[0, 0, 0], [0, 0, 1], [0, 0, 2], [0, 1, 0], [0, 1, 1], [0, 1, 2], [0, 2, 0], [0, 2, 1], [1, 0, 0], [1, 0, 2], [1, 1, 2], [1, 2, 0], [2, 0, 0], [2, 0, 1], [2, 2, 0], [2, 2, 2]] M=[[0, 2, 2]]  (independently verified: True)
WITNESS_INDICES P=[0, 1, 2, 3, 4, 5, 6, 7, 9, 11, 15, 16, 18, 20, 21, 26] M=[8]
WITNESS_COORDS  P=[[0, 0, 0], [0, 0, 1], [0, 0, 2], [0, 1, 0], [0, 1, 1], [0, 1, 2], [0, 2, 0], [0, 2, 1], [1, 0, 0], [1, 0, 2], [1, 2, 0], [1, 2, 1], [2, 0, 0], [2, 0, 2], [2, 1, 0], [2, 2, 2]] M=[[0, 2, 2]]  (independently verified: True)
WITNESS_INDICES P=[0, 1, 2, 3, 4, 5, 6, 7, 9, 11, 15, 17, 19, 20, 21, 24] M=[8]
WITNESS_COORDS  P=[[0, 0, 0], [0, 0, 1], [0, 0, 2], [0, 1, 0], [0, 1, 1], [0, 1, 2], [0, 2, 0], [0, 2, 1], [1, 0, 0], [1, 0, 2], [1, 2, 0], [1, 2, 2], [2, 0, 1], [2, 0, 2], [2, 1, 0], [2, 2, 0]] M=[[0, 2, 2]]  (independently verified: True)
WITNESS_INDICES P=[0, 1, 2, 3, 4, 5, 6, 7, 9, 11, 16, 17, 18, 19, 21, 25] M=[8]
WITNESS_COORDS  P=[[0, 0, 0], [0, 0, 1], [0, 0, 2], [0, 1, 0], [0, 1, 1], [0, 1, 2], [0, 2, 0], [0, 2, 1], [1, 0, 0], [1, 0, 2], [1, 2, 1], [1, 2, 2], [2, 0, 0], [2, 0, 1], [2, 1, 0], [2, 2, 1]] M=[[0, 2, 2]]  (independently verified: True)
WITNESS_INDICES P=[0, 1, 2, 3, 4, 5, 6, 7, 9, 12, 13, 16, 21, 23, 25, 26] M=[8]
WITNESS_COORDS  P=[[0, 0, 0], [0, 0, 1], [0, 0, 2], [0, 1, 0], [0, 1, 1], [0, 1, 2], [0, 2, 0], [0, 2, 1], [1, 0, 0], [1, 1, 0], [1, 1, 1], [1, 2, 1], [2, 1, 0], [2, 1, 2], [2, 2, 1], [2, 2, 2]] M=[[0, 2, 2]]  (independently verified: True)
WITNESS_INDICES P=[0, 1, 2, 3, 4, 5, 6, 7, 9, 12, 14, 17, 21, 23, 24, 25] M=[8]
WITNESS_COORDS  P=[[0, 0, 0], [0, 0, 1], [0, 0, 2], [0, 1, 0], [0, 1, 1], [0, 1, 2], [0, 2, 0], [0, 2, 1], [1, 0, 0], [1, 1, 0], [1, 1, 2], [1, 2, 2], [2, 1, 0], [2, 1, 2], [2, 2, 0], [2, 2, 1]] M=[[0, 2, 2]]  (independently verified: True)
WITNESS_INDICES P=[0, 1, 2, 3, 4, 5, 6, 7, 9, 12, 16, 17, 18, 20, 21, 23] M=[8]
WITNESS_COORDS  P=[[0, 0, 0], [0, 0, 1], [0, 0, 2], [0, 1, 0], [0, 1, 1], [0, 1, 2], [0, 2, 0], [0, 2, 1], [1, 0, 0], [1, 1, 0], [1, 2, 1], [1, 2, 2], [2, 0, 0], [2, 0, 2], [2, 1, 0], [2, 1, 2]] M=[[0, 2, 2]]  (independently verified: True)
WITNESS_INDICES P=[0, 1, 2, 3, 4, 5, 6, 7, 9, 13, 14, 15, 21, 23, 24, 26] M=[8]
WITNESS_COORDS  P=[[0, 0, 0], [0, 0, 1], [0, 0, 2], [0, 1, 0], [0, 1, 1], [0, 1, 2], [0, 2, 0], [0, 2, 1], [1, 0, 0], [1, 1, 1], [1, 1, 2], [1, 2, 0], [2, 1, 0], [2, 1, 2], [2, 2, 0], [2, 2, 2]] M=[[0, 2, 2]]  (independently verified: True)
WITNESS_INDICES P=[0, 1, 2, 3, 4, 5, 6, 7, 9, 13, 15, 16, 19, 20, 21, 23] M=[8]
WITNESS_COORDS  P=[[0, 0, 0], [0, 0, 1], [0, 0, 2], [0, 1, 0], [0, 1, 1], [0, 1, 2], [0, 2, 0], [0, 2, 1], [1, 0, 0], [1, 1, 1], [1, 2, 0], [1, 2, 1], [2, 0, 1], [2, 0, 2], [2, 1, 0], [2, 1, 2]] M=[[0, 2, 2]]  (independently verified: True)
WITNESS_INDICES P=[0, 1, 2, 3, 4, 5, 6, 7, 9, 14, 15, 17, 18, 19, 21, 23] M=[8]
WITNESS_COORDS  P=[[0, 0, 0], [0, 0, 1], [0, 0, 2], [0, 1, 0], [0, 1, 1], [0, 1, 2], [0, 2, 0], [0, 2, 1], [1, 0, 0], [1, 1, 2], [1, 2, 0], [1, 2, 2], [2, 0, 0], [2, 0, 1], [2, 1, 0], [2, 1, 2]] M=[[0, 2, 2]]  (independently verified: True)
WITNESS_INDICES P=[0, 1, 2, 3, 4, 5, 6, 7, 10, 11, 12, 13, 20, 22, 25, 26] M=[8]
WITNESS_COORDS  P=[[0, 0, 0], [0, 0, 1], [0, 0, 2], [0, 1, 0], [0, 1, 1], [0, 1, 2], [0, 2, 0], [0, 2, 1], [1, 0, 1], [1, 0, 2], [1, 1, 0], [1, 1, 1], [2, 0, 2], [2, 1, 1], [2, 2, 1], [2, 2, 2]] M=[[0, 2, 2]]  (independently verified: True)
WITNESS_INDICES P=[0, 1, 2, 3, 4, 5, 6, 7, 10, 11, 12, 14, 18, 22, 24, 25] M=[8]
WITNESS_COORDS  P=[[0, 0, 0], [0, 0, 1], [0, 0, 2], [0, 1, 0], [0, 1, 1], [0, 1, 2], [0, 2, 0], [0, 2, 1], [1, 0, 1], [1, 0, 2], [1, 1, 0], [1, 1, 2], [2, 0, 0], [2, 1, 1], [2, 2, 0], [2, 2, 1]] M=[[0, 2, 2]]  (independently verified: True)
WITNESS_INDICES P=[0, 1, 2, 3, 4, 5, 6, 7, 10, 11, 12, 15, 18, 20, 24, 26] M=[8]
WITNESS_COORDS  P=[[0, 0, 0], [0, 0, 1], [0, 0, 2], [0, 1, 0], [0, 1, 1], [0, 1, 2], [0, 2, 0], [0, 2, 1], [1, 0, 1], [1, 0, 2], [1, 1, 0], [1, 2, 0], [2, 0, 0], [2, 0, 2], [2, 2, 0], [2, 2, 2]] M=[[0, 2, 2]]  (independently verified: True)
WITNESS_INDICES P=[0, 1, 2, 3, 4, 5, 6, 7, 10, 11, 13, 14, 19, 22, 24, 26] M=[8]
WITNESS_COORDS  P=[[0, 0, 0], [0, 0, 1], [0, 0, 2], [0, 1, 0], [0, 1, 1], [0, 1, 2], [0, 2, 0], [0, 2, 1], [1, 0, 1], [1, 0, 2], [1, 1, 1], [1, 1, 2], [2, 0, 1], [2, 1, 1], [2, 2, 0], [2, 2, 2]] M=[[0, 2, 2]]  (independently verified: True)
WITNESS_INDICES P=[0, 1, 2, 3, 4, 5, 6, 7, 10, 11, 13, 17, 19, 20, 24, 25] M=[8]
WITNESS_COORDS  P=[[0, 0, 0], [0, 0, 1], [0, 0, 2], [0, 1, 0], [0, 1, 1], [0, 1, 2], [0, 2, 0], [0, 2, 1], [1, 0, 1], [1, 0, 2], [1, 1, 1], [1, 2, 2], [2, 0, 1], [2, 0, 2], [2, 2, 0], [2, 2, 1]] M=[[0, 2, 2]]  (independently verified: True)
WITNESS_INDICES P=[0, 1, 2, 3, 4, 5, 6, 7, 10, 11, 14, 16, 18, 19, 25, 26] M=[8]
WITNESS_COORDS  P=[[0, 0, 0], [0, 0, 1], [0, 0, 2], [0, 1, 0], [0, 1, 1], [0, 1, 2], [0, 2, 0], [0, 2, 1], [1, 0, 1], [1, 0, 2], [1, 1, 2], [1, 2, 1], [2, 0, 0], [2, 0, 1], [2, 2, 1], [2, 2, 2]] M=[[0, 2, 2]]  (independently verified: True)
WITNESS_INDICES P=[0, 1, 2, 3, 4, 5, 6, 7, 10, 11, 15, 16, 19, 20, 22, 26] M=[8]
WITNESS_COORDS  P=[[0, 0, 0], [0, 0, 1], [0, 0, 2], [0, 1, 0], [0, 1, 1], [0, 1, 2], [0, 2, 0], [0, 2, 1], [1, 0, 1], [1, 0, 2], [1, 2, 0], [1, 2, 1], [2, 0, 1], [2, 0, 2], [2, 1, 1], [2, 2, 2]] M=[[0, 2, 2]]  (independently verified: True)
WITNESS_INDICES P=[0, 1, 2, 3, 4, 5, 6, 7, 10, 11, 15, 17, 18, 19, 22, 24] M=[8]
WITNESS_COORDS  P=[[0, 0, 0], [0, 0, 1], [0, 0, 2], [0, 1, 0], [0, 1, 1], [0, 1, 2], [0, 2, 0], [0, 2, 1], [1, 0, 1], [1, 0, 2], [1, 2, 0], [1, 2, 2], [2, 0, 0], [2, 0, 1], [2, 1, 1], [2, 2, 0]] M=[[0, 2, 2]]  (independently verified: True)
WITNESS_INDICES P=[0, 1, 2, 3, 4, 5, 6, 7, 10, 11, 16, 17, 18, 20, 22, 25] M=[8]
WITNESS_COORDS  P=[[0, 0, 0], [0, 0, 1], [0, 0, 2], [0, 1, 0], [0, 1, 1], [0, 1, 2], [0, 2, 0], [0, 2, 1], [1, 0, 1], [1, 0, 2], [1, 2, 1], [1, 2, 2], [2, 0, 0], [2, 0, 2], [2, 1, 1], [2, 2, 1]] M=[[0, 2, 2]]  (independently verified: True)
WITNESS_INDICES P=[0, 1, 2, 3, 4, 5, 6, 7, 10, 12, 13, 15, 22, 23, 24, 26] M=[8]
WITNESS_COORDS  P=[[0, 0, 0], [0, 0, 1], [0, 0, 2], [0, 1, 0], [0, 1, 1], [0, 1, 2], [0, 2, 0], [0, 2, 1], [1, 0, 1], [1, 1, 0], [1, 1, 1], [1, 2, 0], [2, 1, 1], [2, 1, 2], [2, 2, 0], [2, 2, 2]] M=[[0, 2, 2]]  (independently verified: True)
WITNESS_INDICES P=[0, 1, 2, 3, 4, 5, 6, 7, 10, 12, 14, 16, 22, 23, 25, 26] M=[8]
WITNESS_COORDS  P=[[0, 0, 0], [0, 0, 1], [0, 0, 2], [0, 1, 0], [0, 1, 1], [0, 1, 2], [0, 2, 0], [0, 2, 1], [1, 0, 1], [1, 1, 0], [1, 1, 2], [1, 2, 1], [2, 1, 1], [2, 1, 2], [2, 2, 1], [2, 2, 2]] M=[[0, 2, 2]]  (independently verified: True)
WITNESS_INDICES P=[0, 1, 2, 3, 4, 5, 6, 7, 10, 12, 15, 16, 18, 20, 22, 23] M=[8]
WITNESS_COORDS  P=[[0, 0, 0], [0, 0, 1], [0, 0, 2], [0, 1, 0], [0, 1, 1], [0, 1, 2], [0, 2, 0], [0, 2, 1], [1, 0, 1], [1, 1, 0], [1, 2, 0], [1, 2, 1], [2, 0, 0], [2, 0, 2], [2, 1, 1], [2, 1, 2]] M=[[0, 2, 2]]  (independently verified: True)
WITNESS_INDICES P=[0, 1, 2, 3, 4, 5, 6, 7, 10, 13, 14, 17, 22, 23, 24, 25] M=[8]
WITNESS_COORDS  P=[[0, 0, 0], [0, 0, 1], [0, 0, 2], [0, 1, 0], [0, 1, 1], [0, 1, 2], [0, 2, 0], [0, 2, 1], [1, 0, 1], [1, 1, 1], [1, 1, 2], [1, 2, 2], [2, 1, 1], [2, 1, 2], [2, 2, 0], [2, 2, 1]] M=[[0, 2, 2]]  (independently verified: True)
WITNESS_INDICES P=[0, 1, 2, 3, 4, 5, 6, 7, 10, 13, 15, 17, 19, 20, 22, 23] M=[8]
WITNESS_COORDS  P=[[0, 0, 0], [0, 0, 1], [0, 0, 2], [0, 1, 0], [0, 1, 1], [0, 1, 2], [0, 2, 0], [0, 2, 1], [1, 0, 1], [1, 1, 1], [1, 2, 0], [1, 2, 2], [2, 0, 1], [2, 0, 2], [2, 1, 1], [2, 1, 2]] M=[[0, 2, 2]]  (independently verified: True)
WITNESS_INDICES P=[0, 1, 2, 3, 4, 5, 6, 7, 10, 14, 16, 17, 18, 19, 22, 23] M=[8]
WITNESS_COORDS  P=[[0, 0, 0], [0, 0, 1], [0, 0, 2], [0, 1, 0], [0, 1, 1], [0, 1, 2], [0, 2, 0], [0, 2, 1], [1, 0, 1], [1, 1, 2], [1, 2, 1], [1, 2, 2], [2, 0, 0], [2, 0, 1], [2, 1, 1], [2, 1, 2]] M=[[0, 2, 2]]  (independently verified: True)
WITNESS_INDICES P=[0, 1, 2, 3, 4, 5, 6, 7, 11, 12, 13, 17, 21, 22, 24, 25] M=[8]
WITNESS_COORDS  P=[[0, 0, 0], [0, 0, 1], [0, 0, 2], [0, 1, 0], [0, 1, 1], [0, 1, 2], [0, 2, 0], [0, 2, 1], [1, 0, 2], [1, 1, 0], [1, 1, 1], [1, 2, 2], [2, 1, 0], [2, 1, 1], [2, 2, 0], [2, 2, 1]] M=[[0, 2, 2]]  (independently verified: True)
WITNESS_INDICES P=[0, 1, 2, 3, 4, 5, 6, 7, 11, 12, 14, 15, 21, 22, 24, 26] M=[8]
WITNESS_COORDS  P=[[0, 0, 0], [0, 0, 1], [0, 0, 2], [0, 1, 0], [0, 1, 1], [0, 1, 2], [0, 2, 0], [0, 2, 1], [1, 0, 2], [1, 1, 0], [1, 1, 2], [1, 2, 0], [2, 1, 0], [2, 1, 1], [2, 2, 0], [2, 2, 2]] M=[[0, 2, 2]]  (independently verified: True)
WITNESS_INDICES P=[0, 1, 2, 3, 4, 5, 6, 7, 11, 12, 15, 17, 18, 20, 21, 22] M=[8]
WITNESS_COORDS  P=[[0, 0, 0], [0, 0, 1], [0, 0, 2], [0, 1, 0], [0, 1, 1], [0, 1, 2], [0, 2, 0], [0, 2, 1], [1, 0, 2], [1, 1, 0], [1, 2, 0], [1, 2, 2], [2, 0, 0], [2, 0, 2], [2, 1, 0], [2, 1, 1]] M=[[0, 2, 2]]  (independently verified: True)
WITNESS_INDICES P=[0, 1, 2, 3, 4, 5, 6, 7, 11, 13, 14, 16, 21, 22, 25, 26] M=[8]
WITNESS_COORDS  P=[[0, 0, 0], [0, 0, 1], [0, 0, 2], [0, 1, 0], [0, 1, 1], [0, 1, 2], [0, 2, 0], [0, 2, 1], [1, 0, 2], [1, 1, 1], [1, 1, 2], [1, 2, 1], [2, 1, 0], [2, 1, 1], [2, 2, 1], [2, 2, 2]] M=[[0, 2, 2]]  (independently verified: True)
WITNESS_INDICES P=[0, 1, 2, 3, 4, 5, 6, 7, 11, 13, 16, 17, 19, 20, 21, 22] M=[8]
WITNESS_COORDS  P=[[0, 0, 0], [0, 0, 1], [0, 0, 2], [0, 1, 0], [0, 1, 1], [0, 1, 2], [0, 2, 0], [0, 2, 1], [1, 0, 2], [1, 1, 1], [1, 2, 1], [1, 2, 2], [2, 0, 1], [2, 0, 2], [2, 1, 0], [2, 1, 1]] M=[[0, 2, 2]]  (independently verified: True)
WITNESS_INDICES P=[0, 1, 2, 3, 4, 5, 6, 7, 11, 14, 15, 16, 18, 19, 21, 22] M=[8]
WITNESS_COORDS  P=[[0, 0, 0], [0, 0, 1], [0, 0, 2], [0, 1, 0], [0, 1, 1], [0, 1, 2], [0, 2, 0], [0, 2, 1], [1, 0, 2], [1, 1, 2], [1, 2, 0], [1, 2, 1], [2, 0, 0], [2, 0, 1], [2, 1, 0], [2, 1, 1]] M=[[0, 2, 2]]  (independently verified: True)
WITNESS_INDICES P=[0, 1, 2, 3, 4, 5, 6, 7, 12, 13, 15, 16, 20, 21, 22, 26] M=[8]
WITNESS_COORDS  P=[[0, 0, 0], [0, 0, 1], [0, 0, 2], [0, 1, 0], [0, 1, 1], [0, 1, 2], [0, 2, 0], [0, 2, 1], [1, 1, 0], [1, 1, 1], [1, 2, 0], [1, 2, 1], [2, 0, 2], [2, 1, 0], [2, 1, 1], [2, 2, 2]] M=[[0, 2, 2]]  (independently verified: True)
WITNESS_INDICES P=[0, 1, 2, 3, 4, 5, 6, 7, 12, 13, 15, 17, 20, 21, 23, 24] M=[8]
WITNESS_COORDS  P=[[0, 0, 0], [0, 0, 1], [0, 0, 2], [0, 1, 0], [0, 1, 1], [0, 1, 2], [0, 2, 0], [0, 2, 1], [1, 1, 0], [1, 1, 1], [1, 2, 0], [1, 2, 2], [2, 0, 2], [2, 1, 0], [2, 1, 2], [2, 2, 0]] M=[[0, 2, 2]]  (independently verified: True)
WITNESS_INDICES P=[0, 1, 2, 3, 4, 5, 6, 7, 12, 13, 16, 17, 20, 22, 23, 25] M=[8]
WITNESS_COORDS  P=[[0, 0, 0], [0, 0, 1], [0, 0, 2], [0, 1, 0], [0, 1, 1], [0, 1, 2], [0, 2, 0], [0, 2, 1], [1, 1, 0], [1, 1, 1], [1, 2, 1], [1, 2, 2], [2, 0, 2], [2, 1, 1], [2, 1, 2], [2, 2, 1]] M=[[0, 2, 2]]  (independently verified: True)
WITNESS_INDICES P=[0, 1, 2, 3, 4, 5, 6, 7, 12, 14, 15, 16, 18, 21, 23, 26] M=[8]
WITNESS_COORDS  P=[[0, 0, 0], [0, 0, 1], [0, 0, 2], [0, 1, 0], [0, 1, 1], [0, 1, 2], [0, 2, 0], [0, 2, 1], [1, 1, 0], [1, 1, 2], [1, 2, 0], [1, 2, 1], [2, 0, 0], [2, 1, 0], [2, 1, 2], [2, 2, 2]] M=[[0, 2, 2]]  (independently verified: True)
WITNESS_INDICES P=[0, 1, 2, 3, 4, 5, 6, 7, 12, 14, 15, 17, 18, 22, 23, 24] M=[8]
WITNESS_COORDS  P=[[0, 0, 0], [0, 0, 1], [0, 0, 2], [0, 1, 0], [0, 1, 1], [0, 1, 2], [0, 2, 0], [0, 2, 1], [1, 1, 0], [1, 1, 2], [1, 2, 0], [1, 2, 2], [2, 0, 0], [2, 1, 1], [2, 1, 2], [2, 2, 0]] M=[[0, 2, 2]]  (independently verified: True)
