# Certificate: decision of SDS(32,28,12,[2,4,4])
# Date: 2026-08-09 12:35:37 UTC
# Database status at fetch (2026-08-09, sha256 39bab9fce78d5c4353c22ba482ff5c3bb8b8b9931edc5ca0fc60062dfe80ca85): Open ()
# Engine: sds_search.c sha256=e9a34ac00672730d768a798f9c557d04ed61da2ce78efd9cadf65abdc6b1df78
#         binary     sha256=f59fd7eec813c4144232718fbc403811b2f5ed3bf0d97a955962caee4bc0a689
# Command: ./sds_search 32 28 12 2,4,4 --cap=50
# Decision: EXIST
# RESULT SDS(32,28,12,[2,4,4]) EXIST nP=24 nM=4 nodes=328502285 witnesses=1536 mode=reduced0P secs=115.612
WITNESS_INDICES P=[0, 1, 2, 3, 4, 5, 6, 7, 8, 9, 10, 11, 12, 13, 16, 17, 18, 20, 22, 25, 26, 27, 28, 30] M=[14, 15, 19, 24]
WITNESS_COORDS  P=[[0, 0, 0], [0, 0, 1], [0, 0, 2], [0, 0, 3], [0, 1, 0], [0, 1, 1], [0, 1, 2], [0, 1, 3], [0, 2, 0], [0, 2, 1], [0, 2, 2], [0, 2, 3], [0, 3, 0], [0, 3, 1], [1, 0, 0], [1, 0, 1], [1, 0, 2], [1, 1, 0], [1, 1, 2], [1, 2, 1], [1, 2, 2], [1, 2, 3], [1, 3, 0], [1, 3, 2]] M=[[0, 3, 2], [0, 3, 3], [1, 0, 3], [1, 2, 0]]  (independently verified: True)
WITNESS_INDICES P=[0, 1, 2, 3, 4, 5, 6, 7, 8, 9, 10, 11, 12, 13, 16, 17, 18, 21, 23, 25, 26, 27, 29, 31] M=[14, 15, 19, 24]
WITNESS_COORDS  P=[[0, 0, 0], [0, 0, 1], [0, 0, 2], [0, 0, 3], [0, 1, 0], [0, 1, 1], [0, 1, 2], [0, 1, 3], [0, 2, 0], [0, 2, 1], [0, 2, 2], [0, 2, 3], [0, 3, 0], [0, 3, 1], [1, 0, 0], [1, 0, 1], [1, 0, 2], [1, 1, 1], [1, 1, 3], [1, 2, 1], [1, 2, 2], [1, 2, 3], [1, 3, 1], [1, 3, 3]] M=[[0, 3, 2], [0, 3, 3], [1, 0, 3], [1, 2, 0]]  (independently verified: True)
WITNESS_INDICES P=[0, 1, 2, 3, 4, 5, 6, 7, 8, 9, 10, 11, 12, 13, 16, 17, 19, 20, 22, 24, 26, 27, 28, 30] M=[14, 15, 18, 25]
WITNESS_COORDS  P=[[0, 0, 0], [0, 0, 1], [0, 0, 2], [0, 0, 3], [0, 1, 0], [0, 1, 1], [0, 1, 2], [0, 1, 3], [0, 2, 0], [0, 2, 1], [0, 2, 2], [0, 2, 3], [0, 3, 0], [0, 3, 1], [1, 0, 0], [1, 0, 1], [1, 0, 3], [1, 1, 0], [1, 1, 2], [1, 2, 0], [1, 2, 2], [1, 2, 3], [1, 3, 0], [1, 3, 2]] M=[[0, 3, 2], [0, 3, 3], [1, 0, 2], [1, 2, 1]]  (independently verified: True)
WITNESS_INDICES P=[0, 1, 2, 3, 4, 5, 6, 7, 8, 9, 10, 11, 12, 13, 16, 17, 19, 21, 23, 24, 26, 27, 29, 31] M=[14, 15, 18, 25]
WITNESS_COORDS  P=[[0, 0, 0], [0, 0, 1], [0, 0, 2], [0, 0, 3], [0, 1, 0], [0, 1, 1], [0, 1, 2], [0, 1, 3], [0, 2, 0], [0, 2, 1], [0, 2, 2], [0, 2, 3], [0, 3, 0], [0, 3, 1], [1, 0, 0], [1, 0, 1], [1, 0, 3], [1, 1, 1], [1, 1, 3], [1, 2, 0], [1, 2, 2], [1, 2, 3], [1, 3, 1], [1, 3, 3]] M=[[0, 3, 2], [0, 3, 3], [1, 0, 2], [1, 2, 1]]  (independently verified: True)
WITNESS_INDICES P=[0, 1, 2, 3, 4, 5, 6, 7, 8, 9, 10, 11, 12, 13, 16, 18, 19, 20, 22, 24, 25, 27, 28, 30] M=[14, 15, 17, 26]
WITNESS_COORDS  P=[[0, 0, 0], [0, 0, 1], [0, 0, 2], [0, 0, 3], [0, 1, 0], [0, 1, 1], [0, 1, 2], [0, 1, 3], [0, 2, 0], [0, 2, 1], [0, 2, 2], [0, 2, 3], [0, 3, 0], [0, 3, 1], [1, 0, 0], [1, 0, 2], [1, 0, 3], [1, 1, 0], [1, 1, 2], [1, 2, 0], [1, 2, 1], [1, 2, 3], [1, 3, 0], [1, 3, 2]] M=[[0, 3, 2], [0, 3, 3], [1, 0, 1], [1, 2, 2]]  (independently verified: True)
WITNESS_INDICES P=[0, 1, 2, 3, 4, 5, 6, 7, 8, 9, 10, 11, 12, 13, 16, 18, 19, 21, 23, 24, 25, 27, 29, 31] M=[14, 15, 17, 26]
WITNESS_COORDS  P=[[0, 0, 0], [0, 0, 1], [0, 0, 2], [0, 0, 3], [0, 1, 0], [0, 1, 1], [0, 1, 2], [0, 1, 3], [0, 2, 0], [0, 2, 1], [0, 2, 2], [0, 2, 3], [0, 3, 0], [0, 3, 1], [1, 0, 0], [1, 0, 2], [1, 0, 3], [1, 1, 1], [1, 1, 3], [1, 2, 0], [1, 2, 1], [1, 2, 3], [1, 3, 1], [1, 3, 3]] M=[[0, 3, 2], [0, 3, 3], [1, 0, 1], [1, 2, 2]]  (independently verified: True)
WITNESS_INDICES P=[0, 1, 2, 3, 4, 5, 6, 7, 8, 9, 10, 11, 12, 13, 17, 18, 19, 20, 22, 24, 25, 26, 28, 30] M=[14, 15, 16, 27]
WITNESS_COORDS  P=[[0, 0, 0], [0, 0, 1], [0, 0, 2], [0, 0, 3], [0, 1, 0], [0, 1, 1], [0, 1, 2], [0, 1, 3], [0, 2, 0], [0, 2, 1], [0, 2, 2], [0, 2, 3], [0, 3, 0], [0, 3, 1], [1, 0, 1], [1, 0, 2], [1, 0, 3], [1, 1, 0], [1, 1, 2], [1, 2, 0], [1, 2, 1], [1, 2, 2], [1, 3, 0], [1, 3, 2]] M=[[0, 3, 2], [0, 3, 3], [1, 0, 0], [1, 2, 3]]  (independently verified: True)
WITNESS_INDICES P=[0, 1, 2, 3, 4, 5, 6, 7, 8, 9, 10, 11, 12, 13, 17, 18, 19, 21, 23, 24, 25, 26, 29, 31] M=[14, 15, 16, 27]
WITNESS_COORDS  P=[[0, 0, 0], [0, 0, 1], [0, 0, 2], [0, 0, 3], [0, 1, 0], [0, 1, 1], [0, 1, 2], [0, 1, 3], [0, 2, 0], [0, 2, 1], [0, 2, 2], [0, 2, 3], [0, 3, 0], [0, 3, 1], [1, 0, 1], [1, 0, 2], [1, 0, 3], [1, 1, 1], [1, 1, 3], [1, 2, 0], [1, 2, 1], [1, 2, 2], [1, 3, 1], [1, 3, 3]] M=[[0, 3, 2], [0, 3, 3], [1, 0, 0], [1, 2, 3]]  (independently verified: True)
WITNESS_INDICES P=[0, 1, 2, 3, 4, 5, 6, 7, 8, 9, 10, 11, 12, 15, 16, 17, 18, 20, 22, 24, 25, 27, 28, 30] M=[13, 14, 19, 26]
WITNESS_COORDS  P=[[0, 0, 0], [0, 0, 1], [0, 0, 2], [0, 0, 3], [0, 1, 0], [0, 1, 1], [0, 1, 2], [0, 1, 3], [0, 2, 0], [0, 2, 1], [0, 2, 2], [0, 2, 3], [0, 3, 0], [0, 3, 3], [1, 0, 0], [1, 0, 1], [1, 0, 2], [1, 1, 0], [1, 1, 2], [1, 2, 0], [1, 2, 1], [1, 2, 3], [1, 3, 0], [1, 3, 2]] M=[[0, 3, 1], [0, 3, 2], [1, 0, 3], [1, 2, 2]]  (independently verified: True)
WITNESS_INDICES P=[0, 1, 2, 3, 4, 5, 6, 7, 8, 9, 10, 11, 12, 15, 16, 17, 18, 21, 23, 24, 25, 27, 29, 31] M=[13, 14, 19, 26]
WITNESS_COORDS  P=[[0, 0, 0], [0, 0, 1], [0, 0, 2], [0, 0, 3], [0, 1, 0], [0, 1, 1], [0, 1, 2], [0, 1, 3], [0, 2, 0], [0, 2, 1], [0, 2, 2], [0, 2, 3], [0, 3, 0], [0, 3, 3], [1, 0, 0], [1, 0, 1], [1, 0, 2], [1, 1, 1], [1, 1, 3], [1, 2, 0], [1, 2, 1], [1, 2, 3], [1, 3, 1], [1, 3, 3]] M=[[0, 3, 1], [0, 3, 2], [1, 0, 3], [1, 2, 2]]  (independently verified: True)
WITNESS_INDICES P=[0, 1, 2, 3, 4, 5, 6, 7, 8, 9, 10, 11, 12, 15, 16, 17, 19, 20, 22, 24, 25, 26, 28, 30] M=[13, 14, 18, 27]
WITNESS_COORDS  P=[[0, 0, 0], [0, 0, 1], [0, 0, 2], [0, 0, 3], [0, 1, 0], [0, 1, 1], [0, 1, 2], [0, 1, 3], [0, 2, 0], [0, 2, 1], [0, 2, 2], [0, 2, 3], [0, 3, 0], [0, 3, 3], [1, 0, 0], [1, 0, 1], [1, 0, 3], [1, 1, 0], [1, 1, 2], [1, 2, 0], [1, 2, 1], [1, 2, 2], [1, 3, 0], [1, 3, 2]] M=[[0, 3, 1], [0, 3, 2], [1, 0, 2], [1, 2, 3]]  (independently verified: True)
WITNESS_INDICES P=[0, 1, 2, 3, 4, 5, 6, 7, 8, 9, 10, 11, 12, 15, 16, 17, 19, 21, 23, 24, 25, 26, 29, 31] M=[13, 14, 18, 27]
WITNESS_COORDS  P=[[0, 0, 0], [0, 0, 1], [0, 0, 2], [0, 0, 3], [0, 1, 0], [0, 1, 1], [0, 1, 2], [0, 1, 3], [0, 2, 0], [0, 2, 1], [0, 2, 2], [0, 2, 3], [0, 3, 0], [0, 3, 3], [1, 0, 0], [1, 0, 1], [1, 0, 3], [1, 1, 1], [1, 1, 3], [1, 2, 0], [1, 2, 1], [1, 2, 2], [1, 3, 1], [1, 3, 3]] M=[[0, 3, 1], [0, 3, 2], [1, 0, 2], [1, 2, 3]]  (independently verified: True)
WITNESS_INDICES P=[0, 1, 2, 3, 4, 5, 6, 7, 8, 9, 10, 11, 12, 15, 16, 18, 19, 20, 22, 25, 26, 27, 28, 30] M=[13, 14, 17, 24]
WITNESS_COORDS  P=[[0, 0, 0], [0, 0, 1], [0, 0, 2], [0, 0, 3], [0, 1, 0], [0, 1, 1], [0, 1, 2], [0, 1, 3], [0, 2, 0], [0, 2, 1], [0, 2, 2], [0, 2, 3], [0, 3, 0], [0, 3, 3], [1, 0, 0], [1, 0, 2], [1, 0, 3], [1, 1, 0], [1, 1, 2], [1, 2, 1], [1, 2, 2], [1, 2, 3], [1, 3, 0], [1, 3, 2]] M=[[0, 3, 1], [0, 3, 2], [1, 0, 1], [1, 2, 0]]  (independently verified: True)
WITNESS_INDICES P=[0, 1, 2, 3, 4, 5, 6, 7, 8, 9, 10, 11, 12, 15, 16, 18, 19, 21, 23, 25, 26, 27, 29, 31] M=[13, 14, 17, 24]
WITNESS_COORDS  P=[[0, 0, 0], [0, 0, 1], [0, 0, 2], [0, 0, 3], [0, 1, 0], [0, 1, 1], [0, 1, 2], [0, 1, 3], [0, 2, 0], [0, 2, 1], [0, 2, 2], [0, 2, 3], [0, 3, 0], [0, 3, 3], [1, 0, 0], [1, 0, 2], [1, 0, 3], [1, 1, 1], [1, 1, 3], [1, 2, 1], [1, 2, 2], [1, 2, 3], [1, 3, 1], [1, 3, 3]] M=[[0, 3, 1], [0, 3, 2], [1, 0, 1], [1, 2, 0]]  (independently verified: True)
WITNESS_INDICES P=[0, 1, 2, 3, 4, 5, 6, 7, 8, 9, 10, 11, 12, 15, 17, 18, 19, 20, 22, 24, 26, 27, 28, 30] M=[13, 14, 16, 25]
WITNESS_COORDS  P=[[0, 0, 0], [0, 0, 1], [0, 0, 2], [0, 0, 3], [0, 1, 0], [0, 1, 1], [0, 1, 2], [0, 1, 3], [0, 2, 0], [0, 2, 1], [0, 2, 2], [0, 2, 3], [0, 3, 0], [0, 3, 3], [1, 0, 1], [1, 0, 2], [1, 0, 3], [1, 1, 0], [1, 1, 2], [1, 2, 0], [1, 2, 2], [1, 2, 3], [1, 3, 0], [1, 3, 2]] M=[[0, 3, 1], [0, 3, 2], [1, 0, 0], [1, 2, 1]]  (independently verified: True)
WITNESS_INDICES P=[0, 1, 2, 3, 4, 5, 6, 7, 8, 9, 10, 11, 12, 15, 17, 18, 19, 21, 23, 24, 26, 27, 29, 31] M=[13, 14, 16, 25]
WITNESS_COORDS  P=[[0, 0, 0], [0, 0, 1], [0, 0, 2], [0, 0, 3], [0, 1, 0], [0, 1, 1], [0, 1, 2], [0, 1, 3], [0, 2, 0], [0, 2, 1], [0, 2, 2], [0, 2, 3], [0, 3, 0], [0, 3, 3], [1, 0, 1], [1, 0, 2], [1, 0, 3], [1, 1, 1], [1, 1, 3], [1, 2, 0], [1, 2, 2], [1, 2, 3], [1, 3, 1], [1, 3, 3]] M=[[0, 3, 1], [0, 3, 2], [1, 0, 0], [1, 2, 1]]  (independently verified: True)
WITNESS_INDICES P=[0, 1, 2, 3, 4, 5, 6, 7, 8, 9, 10, 11, 13, 14, 16, 17, 18, 20, 22, 24, 25, 27, 28, 30] M=[12, 15, 19, 26]
WITNESS_COORDS  P=[[0, 0, 0], [0, 0, 1], [0, 0, 2], [0, 0, 3], [0, 1, 0], [0, 1, 1], [0, 1, 2], [0, 1, 3], [0, 2, 0], [0, 2, 1], [0, 2, 2], [0, 2, 3], [0, 3, 1], [0, 3, 2], [1, 0, 0], [1, 0, 1], [1, 0, 2], [1, 1, 0], [1, 1, 2], [1, 2, 0], [1, 2, 1], [1, 2, 3], [1, 3, 0], [1, 3, 2]] M=[[0, 3, 0], [0, 3, 3], [1, 0, 3], [1, 2, 2]]  (independently verified: True)
WITNESS_INDICES P=[0, 1, 2, 3, 4, 5, 6, 7, 8, 9, 10, 11, 13, 14, 16, 17, 18, 21, 23, 24, 25, 27, 29, 31] M=[12, 15, 19, 26]
WITNESS_COORDS  P=[[0, 0, 0], [0, 0, 1], [0, 0, 2], [0, 0, 3], [0, 1, 0], [0, 1, 1], [0, 1, 2], [0, 1, 3], [0, 2, 0], [0, 2, 1], [0, 2, 2], [0, 2, 3], [0, 3, 1], [0, 3, 2], [1, 0, 0], [1, 0, 1], [1, 0, 2], [1, 1, 1], [1, 1, 3], [1, 2, 0], [1, 2, 1], [1, 2, 3], [1, 3, 1], [1, 3, 3]] M=[[0, 3, 0], [0, 3, 3], [1, 0, 3], [1, 2, 2]]  (independently verified: True)
WITNESS_INDICES P=[0, 1, 2, 3, 4, 5, 6, 7, 8, 9, 10, 11, 13, 14, 16, 17, 19, 20, 22, 24, 25, 26, 28, 30] M=[12, 15, 18, 27]
WITNESS_COORDS  P=[[0, 0, 0], [0, 0, 1], [0, 0, 2], [0, 0, 3], [0, 1, 0], [0, 1, 1], [0, 1, 2], [0, 1, 3], [0, 2, 0], [0, 2, 1], [0, 2, 2], [0, 2, 3], [0, 3, 1], [0, 3, 2], [1, 0, 0], [1, 0, 1], [1, 0, 3], [1, 1, 0], [1, 1, 2], [1, 2, 0], [1, 2, 1], [1, 2, 2], [1, 3, 0], [1, 3, 2]] M=[[0, 3, 0], [0, 3, 3], [1, 0, 2], [1, 2, 3]]  (independently verified: True)
WITNESS_INDICES P=[0, 1, 2, 3, 4, 5, 6, 7, 8, 9, 10, 11, 13, 14, 16, 17, 19, 21, 23, 24, 25, 26, 29, 31] M=[12, 15, 18, 27]
WITNESS_COORDS  P=[[0, 0, 0], [0, 0, 1], [0, 0, 2], [0, 0, 3], [0, 1, 0], [0, 1, 1], [0, 1, 2], [0, 1, 3], [0, 2, 0], [0, 2, 1], [0, 2, 2], [0, 2, 3], [0, 3, 1], [0, 3, 2], [1, 0, 0], [1, 0, 1], [1, 0, 3], [1, 1, 1], [1, 1, 3], [1, 2, 0], [1, 2, 1], [1, 2, 2], [1, 3, 1], [1, 3, 3]] M=[[0, 3, 0], [0, 3, 3], [1, 0, 2], [1, 2, 3]]  (independently verified: True)
WITNESS_INDICES P=[0, 1, 2, 3, 4, 5, 6, 7, 8, 9, 10, 11, 13, 14, 16, 18, 19, 20, 22, 25, 26, 27, 28, 30] M=[12, 15, 17, 24]
WITNESS_COORDS  P=[[0, 0, 0], [0, 0, 1], [0, 0, 2], [0, 0, 3], [0, 1, 0], [0, 1, 1], [0, 1, 2], [0, 1, 3], [0, 2, 0], [0, 2, 1], [0, 2, 2], [0, 2, 3], [0, 3, 1], [0, 3, 2], [1, 0, 0], [1, 0, 2], [1, 0, 3], [1, 1, 0], [1, 1, 2], [1, 2, 1], [1, 2, 2], [1, 2, 3], [1, 3, 0], [1, 3, 2]] M=[[0, 3, 0], [0, 3, 3], [1, 0, 1], [1, 2, 0]]  (independently verified: True)
WITNESS_INDICES P=[0, 1, 2, 3, 4, 5, 6, 7, 8, 9, 10, 11, 13, 14, 16, 18, 19, 21, 23, 25, 26, 27, 29, 31] M=[12, 15, 17, 24]
WITNESS_COORDS  P=[[0, 0, 0], [0, 0, 1], [0, 0, 2], [0, 0, 3], [0, 1, 0], [0, 1, 1], [0, 1, 2], [0, 1, 3], [0, 2, 0], [0, 2, 1], [0, 2, 2], [0, 2, 3], [0, 3, 1], [0, 3, 2], [1, 0, 0], [1, 0, 2], [1, 0, 3], [1, 1, 1], [1, 1, 3], [1, 2, 1], [1, 2, 2], [1, 2, 3], [1, 3, 1], [1, 3, 3]] M=[[0, 3, 0], [0, 3, 3], [1, 0, 1], [1, 2, 0]]  (independently verified: True)
WITNESS_INDICES P=[0, 1, 2, 3, 4, 5, 6, 7, 8, 9, 10, 11, 13, 14, 17, 18, 19, 20, 22, 24, 26, 27, 28, 30] M=[12, 15, 16, 25]
WITNESS_COORDS  P=[[0, 0, 0], [0, 0, 1], [0, 0, 2], [0, 0, 3], [0, 1, 0], [0, 1, 1], [0, 1, 2], [0, 1, 3], [0, 2, 0], [0, 2, 1], [0, 2, 2], [0, 2, 3], [0, 3, 1], [0, 3, 2], [1, 0, 1], [1, 0, 2], [1, 0, 3], [1, 1, 0], [1, 1, 2], [1, 2, 0], [1, 2, 2], [1, 2, 3], [1, 3, 0], [1, 3, 2]] M=[[0, 3, 0], [0, 3, 3], [1, 0, 0], [1, 2, 1]]  (independently verified: True)
WITNESS_INDICES P=[0, 1, 2, 3, 4, 5, 6, 7, 8, 9, 10, 11, 13, 14, 17, 18, 19, 21, 23, 24, 26, 27, 29, 31] M=[12, 15, 16, 25]
WITNESS_COORDS  P=[[0, 0, 0], [0, 0, 1], [0, 0, 2], [0, 0, 3], [0, 1, 0], [0, 1, 1], [0, 1, 2], [0, 1, 3], [0, 2, 0], [0, 2, 1], [0, 2, 2], [0, 2, 3], [0, 3, 1], [0, 3, 2], [1, 0, 1], [1, 0, 2], [1, 0, 3], [1, 1, 1], [1, 1, 3], [1, 2, 0], [1, 2, 2], [1, 2, 3], [1, 3, 1], [1, 3, 3]] M=[[0, 3, 0], [0, 3, 3], [1, 0, 0], [1, 2, 1]]  (independently verified: True)
WITNESS_INDICES P=[0, 1, 2, 3, 4, 5, 6, 7, 8, 9, 10, 11, 14, 15, 16, 17, 18, 20, 22, 25, 26, 27, 28, 30] M=[12, 13, 19, 24]
WITNESS_COORDS  P=[[0, 0, 0], [0, 0, 1], [0, 0, 2], [0, 0, 3], [0, 1, 0], [0, 1, 1], [0, 1, 2], [0, 1, 3], [0, 2, 0], [0, 2, 1], [0, 2, 2], [0, 2, 3], [0, 3, 2], [0, 3, 3], [1, 0, 0], [1, 0, 1], [1, 0, 2], [1, 1, 0], [1, 1, 2], [1, 2, 1], [1, 2, 2], [1, 2, 3], [1, 3, 0], [1, 3, 2]] M=[[0, 3, 0], [0, 3, 1], [1, 0, 3], [1, 2, 0]]  (independently verified: True)
WITNESS_INDICES P=[0, 1, 2, 3, 4, 5, 6, 7, 8, 9, 10, 11, 14, 15, 16, 17, 18, 21, 23, 25, 26, 27, 29, 31] M=[12, 13, 19, 24]
WITNESS_COORDS  P=[[0, 0, 0], [0, 0, 1], [0, 0, 2], [0, 0, 3], [0, 1, 0], [0, 1, 1], [0, 1, 2], [0, 1, 3], [0, 2, 0], [0, 2, 1], [0, 2, 2], [0, 2, 3], [0, 3, 2], [0, 3, 3], [1, 0, 0], [1, 0, 1], [1, 0, 2], [1, 1, 1], [1, 1, 3], [1, 2, 1], [1, 2, 2], [1, 2, 3], [1, 3, 1], [1, 3, 3]] M=[[0, 3, 0], [0, 3, 1], [1, 0, 3], [1, 2, 0]]  (independently verified: True)
WITNESS_INDICES P=[0, 1, 2, 3, 4, 5, 6, 7, 8, 9, 10, 11, 14, 15, 16, 17, 19, 20, 22, 24, 26, 27, 28, 30] M=[12, 13, 18, 25]
WITNESS_COORDS  P=[[0, 0, 0], [0, 0, 1], [0, 0, 2], [0, 0, 3], [0, 1, 0], [0, 1, 1], [0, 1, 2], [0, 1, 3], [0, 2, 0], [0, 2, 1], [0, 2, 2], [0, 2, 3], [0, 3, 2], [0, 3, 3], [1, 0, 0], [1, 0, 1], [1, 0, 3], [1, 1, 0], [1, 1, 2], [1, 2, 0], [1, 2, 2], [1, 2, 3], [1, 3, 0], [1, 3, 2]] M=[[0, 3, 0], [0, 3, 1], [1, 0, 2], [1, 2, 1]]  (independently verified: True)
WITNESS_INDICES P=[0, 1, 2, 3, 4, 5, 6, 7, 8, 9, 10, 11, 14, 15, 16, 17, 19, 21, 23, 24, 26, 27, 29, 31] M=[12, 13, 18, 25]
WITNESS_COORDS  P=[[0, 0, 0], [0, 0, 1], [0, 0, 2], [0, 0, 3], [0, 1, 0], [0, 1, 1], [0, 1, 2], [0, 1, 3], [0, 2, 0], [0, 2, 1], [0, 2, 2], [0, 2, 3], [0, 3, 2], [0, 3, 3], [1, 0, 0], [1, 0, 1], [1, 0, 3], [1, 1, 1], [1, 1, 3], [1, 2, 0], [1, 2, 2], [1, 2, 3], [1, 3, 1], [1, 3, 3]] M=[[0, 3, 0], [0, 3, 1], [1, 0, 2], [1, 2, 1]]  (independently verified: True)
WITNESS_INDICES P=[0, 1, 2, 3, 4, 5, 6, 7, 8, 9, 10, 11, 14, 15, 16, 18, 19, 20, 22, 24, 25, 27, 28, 30] M=[12, 13, 17, 26]
WITNESS_COORDS  P=[[0, 0, 0], [0, 0, 1], [0, 0, 2], [0, 0, 3], [0, 1, 0], [0, 1, 1], [0, 1, 2], [0, 1, 3], [0, 2, 0], [0, 2, 1], [0, 2, 2], [0, 2, 3], [0, 3, 2], [0, 3, 3], [1, 0, 0], [1, 0, 2], [1, 0, 3], [1, 1, 0], [1, 1, 2], [1, 2, 0], [1, 2, 1], [1, 2, 3], [1, 3, 0], [1, 3, 2]] M=[[0, 3, 0], [0, 3, 1], [1, 0, 1], [1, 2, 2]]  (independently verified: True)
WITNESS_INDICES P=[0, 1, 2, 3, 4, 5, 6, 7, 8, 9, 10, 11, 14, 15, 16, 18, 19, 21, 23, 24, 25, 27, 29, 31] M=[12, 13, 17, 26]
WITNESS_COORDS  P=[[0, 0, 0], [0, 0, 1], [0, 0, 2], [0, 0, 3], [0, 1, 0], [0, 1, 1], [0, 1, 2], [0, 1, 3], [0, 2, 0], [0, 2, 1], [0, 2, 2], [0, 2, 3], [0, 3, 2], [0, 3, 3], [1, 0, 0], [1, 0, 2], [1, 0, 3], [1, 1, 1], [1, 1, 3], [1, 2, 0], [1, 2, 1], [1, 2, 3], [1, 3, 1], [1, 3, 3]] M=[[0, 3, 0], [0, 3, 1], [1, 0, 1], [1, 2, 2]]  (independently verified: True)
WITNESS_INDICES P=[0, 1, 2, 3, 4, 5, 6, 7, 8, 9, 10, 11, 14, 15, 17, 18, 19, 20, 22, 24, 25, 26, 28, 30] M=[12, 13, 16, 27]
WITNESS_COORDS  P=[[0, 0, 0], [0, 0, 1], [0, 0, 2], [0, 0, 3], [0, 1, 0], [0, 1, 1], [0, 1, 2], [0, 1, 3], [0, 2, 0], [0, 2, 1], [0, 2, 2], [0, 2, 3], [0, 3, 2], [0, 3, 3], [1, 0, 1], [1, 0, 2], [1, 0, 3], [1, 1, 0], [1, 1, 2], [1, 2, 0], [1, 2, 1], [1, 2, 2], [1, 3, 0], [1, 3, 2]] M=[[0, 3, 0], [0, 3, 1], [1, 0, 0], [1, 2, 3]]  (independently verified: True)
WITNESS_INDICES P=[0, 1, 2, 3, 4, 5, 6, 7, 8, 9, 10, 11, 14, 15, 17, 18, 19, 21, 23, 24, 25, 26, 29, 31] M=[12, 13, 16, 27]
WITNESS_COORDS  P=[[0, 0, 0], [0, 0, 1], [0, 0, 2], [0, 0, 3], [0, 1, 0], [0, 1, 1], [0, 1, 2], [0, 1, 3], [0, 2, 0], [0, 2, 1], [0, 2, 2], [0, 2, 3], [0, 3, 2], [0, 3, 3], [1, 0, 1], [1, 0, 2], [1, 0, 3], [1, 1, 1], [1, 1, 3], [1, 2, 0], [1, 2, 1], [1, 2, 2], [1, 3, 1], [1, 3, 3]] M=[[0, 3, 0], [0, 3, 1], [1, 0, 0], [1, 2, 3]]  (independently verified: True)
WITNESS_INDICES P=[0, 1, 2, 3, 4, 5, 6, 7, 8, 9, 10, 12, 13, 14, 16, 17, 18, 19, 20, 25, 26, 27, 28, 30] M=[11, 15, 22, 24]
WITNESS_COORDS  P=[[0, 0, 0], [0, 0, 1], [0, 0, 2], [0, 0, 3], [0, 1, 0], [0, 1, 1], [0, 1, 2], [0, 1, 3], [0, 2, 0], [0, 2, 1], [0, 2, 2], [0, 3, 0], [0, 3, 1], [0, 3, 2], [1, 0, 0], [1, 0, 1], [1, 0, 2], [1, 0, 3], [1, 1, 0], [1, 2, 1], [1, 2, 2], [1, 2, 3], [1, 3, 0], [1, 3, 2]] M=[[0, 2, 3], [0, 3, 3], [1, 1, 2], [1, 2, 0]]  (independently verified: True)
WITNESS_INDICES P=[0, 1, 2, 3, 4, 5, 6, 7, 8, 9, 10, 12, 13, 14, 16, 17, 18, 19, 22, 24, 25, 27, 28, 30] M=[11, 15, 20, 26]
WITNESS_COORDS  P=[[0, 0, 0], [0, 0, 1], [0, 0, 2], [0, 0, 3], [0, 1, 0], [0, 1, 1], [0, 1, 2], [0, 1, 3], [0, 2, 0], [0, 2, 1], [0, 2, 2], [0, 3, 0], [0, 3, 1], [0, 3, 2], [1, 0, 0], [1, 0, 1], [1, 0, 2], [1, 0, 3], [1, 1, 2], [1, 2, 0], [1, 2, 1], [1, 2, 3], [1, 3, 0], [1, 3, 2]] M=[[0, 2, 3], [0, 3, 3], [1, 1, 0], [1, 2, 2]]  (independently verified: True)
WITNESS_INDICES P=[0, 1, 2, 3, 4, 5, 6, 7, 8, 9, 10, 12, 13, 14, 16, 17, 19, 20, 22, 24, 25, 26, 27, 30] M=[11, 15, 18, 28]
WITNESS_COORDS  P=[[0, 0, 0], [0, 0, 1], [0, 0, 2], [0, 0, 3], [0, 1, 0], [0, 1, 1], [0, 1, 2], [0, 1, 3], [0, 2, 0], [0, 2, 1], [0, 2, 2], [0, 3, 0], [0, 3, 1], [0, 3, 2], [1, 0, 0], [1, 0, 1], [1, 0, 3], [1, 1, 0], [1, 1, 2], [1, 2, 0], [1, 2, 1], [1, 2, 2], [1, 2, 3], [1, 3, 2]] M=[[0, 2, 3], [0, 3, 3], [1, 0, 2], [1, 3, 0]]  (independently verified: True)
WITNESS_INDICES P=[0, 1, 2, 3, 4, 5, 6, 7, 8, 9, 10, 12, 13, 14, 16, 18, 20, 21, 23, 26, 28, 29, 30, 31] M=[11, 15, 22, 24]
WITNESS_COORDS  P=[[0, 0, 0], [0, 0, 1], [0, 0, 2], [0, 0, 3], [0, 1, 0], [0, 1, 1], [0, 1, 2], [0, 1, 3], [0, 2, 0], [0, 2, 1], [0, 2, 2], [0, 3, 0], [0, 3, 1], [0, 3, 2], [1, 0, 0], [1, 0, 2], [1, 1, 0], [1, 1, 1], [1, 1, 3], [1, 2, 2], [1, 3, 0], [1, 3, 1], [1, 3, 2], [1, 3, 3]] M=[[0, 2, 3], [0, 3, 3], [1, 1, 2], [1, 2, 0]]  (independently verified: True)
WITNESS_INDICES P=[0, 1, 2, 3, 4, 5, 6, 7, 8, 9, 10, 12, 13, 14, 16, 18, 21, 22, 23, 24, 28, 29, 30, 31] M=[11, 15, 20, 26]
WITNESS_COORDS  P=[[0, 0, 0], [0, 0, 1], [0, 0, 2], [0, 0, 3], [0, 1, 0], [0, 1, 1], [0, 1, 2], [0, 1, 3], [0, 2, 0], [0, 2, 1], [0, 2, 2], [0, 3, 0], [0, 3, 1], [0, 3, 2], [1, 0, 0], [1, 0, 2], [1, 1, 1], [1, 1, 2], [1, 1, 3], [1, 2, 0], [1, 3, 0], [1, 3, 1], [1, 3, 2], [1, 3, 3]] M=[[0, 2, 3], [0, 3, 3], [1, 1, 0], [1, 2, 2]]  (independently verified: True)
WITNESS_INDICES P=[0, 1, 2, 3, 4, 5, 6, 7, 8, 9, 10, 12, 13, 14, 16, 20, 21, 22, 23, 24, 26, 29, 30, 31] M=[11, 15, 18, 28]
WITNESS_COORDS  P=[[0, 0, 0], [0, 0, 1], [0, 0, 2], [0, 0, 3], [0, 1, 0], [0, 1, 1], [0, 1, 2], [0, 1, 3], [0, 2, 0], [0, 2, 1], [0, 2, 2], [0, 3, 0], [0, 3, 1], [0, 3, 2], [1, 0, 0], [1, 1, 0], [1, 1, 1], [1, 1, 2], [1, 1, 3], [1, 2, 0], [1, 2, 2], [1, 3, 1], [1, 3, 2], [1, 3, 3]] M=[[0, 2, 3], [0, 3, 3], [1, 0, 2], [1, 3, 0]]  (independently verified: True)
WITNESS_INDICES P=[0, 1, 2, 3, 4, 5, 6, 7, 8, 9, 10, 12, 13, 14, 17, 18, 19, 20, 22, 24, 25, 26, 27, 28] M=[11, 15, 16, 30]
WITNESS_COORDS  P=[[0, 0, 0], [0, 0, 1], [0, 0, 2], [0, 0, 3], [0, 1, 0], [0, 1, 1], [0, 1, 2], [0, 1, 3], [0, 2, 0], [0, 2, 1], [0, 2, 2], [0, 3, 0], [0, 3, 1], [0, 3, 2], [1, 0, 1], [1, 0, 2], [1, 0, 3], [1, 1, 0], [1, 1, 2], [1, 2, 0], [1, 2, 1], [1, 2, 2], [1, 2, 3], [1, 3, 0]] M=[[0, 2, 3], [0, 3, 3], [1, 0, 0], [1, 3, 2]]  (independently verified: True)
WITNESS_INDICES P=[0, 1, 2, 3, 4, 5, 6, 7, 8, 9, 10, 12, 13, 14, 18, 20, 21, 22, 23, 24, 26, 28, 29, 31] M=[11, 15, 16, 30]
WITNESS_COORDS  P=[[0, 0, 0], [0, 0, 1], [0, 0, 2], [0, 0, 3], [0, 1, 0], [0, 1, 1], [0, 1, 2], [0, 1, 3], [0, 2, 0], [0, 2, 1], [0, 2, 2], [0, 3, 0], [0, 3, 1], [0, 3, 2], [1, 0, 2], [1, 1, 0], [1, 1, 1], [1, 1, 2], [1, 1, 3], [1, 2, 0], [1, 2, 2], [1, 3, 0], [1, 3, 1], [1, 3, 3]] M=[[0, 2, 3], [0, 3, 3], [1, 0, 0], [1, 3, 2]]  (independently verified: True)
WITNESS_INDICES P=[0, 1, 2, 3, 4, 5, 6, 7, 8, 9, 10, 12, 13, 15, 16, 17, 18, 19, 21, 25, 26, 27, 29, 31] M=[11, 14, 23, 24]
WITNESS_COORDS  P=[[0, 0, 0], [0, 0, 1], [0, 0, 2], [0, 0, 3], [0, 1, 0], [0, 1, 1], [0, 1, 2], [0, 1, 3], [0, 2, 0], [0, 2, 1], [0, 2, 2], [0, 3, 0], [0, 3, 1], [0, 3, 3], [1, 0, 0], [1, 0, 1], [1, 0, 2], [1, 0, 3], [1, 1, 1], [1, 2, 1], [1, 2, 2], [1, 2, 3], [1, 3, 1], [1, 3, 3]] M=[[0, 2, 3], [0, 3, 2], [1, 1, 3], [1, 2, 0]]  (independently verified: True)
WITNESS_INDICES P=[0, 1, 2, 3, 4, 5, 6, 7, 8, 9, 10, 12, 13, 15, 16, 17, 18, 19, 23, 24, 25, 27, 29, 31] M=[11, 14, 21, 26]
WITNESS_COORDS  P=[[0, 0, 0], [0, 0, 1], [0, 0, 2], [0, 0, 3], [0, 1, 0], [0, 1, 1], [0, 1, 2], [0, 1, 3], [0, 2, 0], [0, 2, 1], [0, 2, 2], [0, 3, 0], [0, 3, 1], [0, 3, 3], [1, 0, 0], [1, 0, 1], [1, 0, 2], [1, 0, 3], [1, 1, 3], [1, 2, 0], [1, 2, 1], [1, 2, 3], [1, 3, 1], [1, 3, 3]] M=[[0, 2, 3], [0, 3, 2], [1, 1, 1], [1, 2, 2]]  (independently verified: True)
WITNESS_INDICES P=[0, 1, 2, 3, 4, 5, 6, 7, 8, 9, 10, 12, 13, 15, 16, 17, 19, 21, 23, 24, 25, 26, 27, 31] M=[11, 14, 18, 29]
WITNESS_COORDS  P=[[0, 0, 0], [0, 0, 1], [0, 0, 2], [0, 0, 3], [0, 1, 0], [0, 1, 1], [0, 1, 2], [0, 1, 3], [0, 2, 0], [0, 2, 1], [0, 2, 2], [0, 3, 0], [0, 3, 1], [0, 3, 3], [1, 0, 0], [1, 0, 1], [1, 0, 3], [1, 1, 1], [1, 1, 3], [1, 2, 0], [1, 2, 1], [1, 2, 2], [1, 2, 3], [1, 3, 3]] M=[[0, 2, 3], [0, 3, 2], [1, 0, 2], [1, 3, 1]]  (independently verified: True)
WITNESS_INDICES P=[0, 1, 2, 3, 4, 5, 6, 7, 8, 9, 10, 12, 13, 15, 16, 18, 20, 21, 22, 26, 28, 29, 30, 31] M=[11, 14, 23, 24]
WITNESS_COORDS  P=[[0, 0, 0], [0, 0, 1], [0, 0, 2], [0, 0, 3], [0, 1, 0], [0, 1, 1], [0, 1, 2], [0, 1, 3], [0, 2, 0], [0, 2, 1], [0, 2, 2], [0, 3, 0], [0, 3, 1], [0, 3, 3], [1, 0, 0], [1, 0, 2], [1, 1, 0], [1, 1, 1], [1, 1, 2], [1, 2, 2], [1, 3, 0], [1, 3, 1], [1, 3, 2], [1, 3, 3]] M=[[0, 2, 3], [0, 3, 2], [1, 1, 3], [1, 2, 0]]  (independently verified: True)
WITNESS_INDICES P=[0, 1, 2, 3, 4, 5, 6, 7, 8, 9, 10, 12, 13, 15, 16, 18, 20, 22, 23, 24, 28, 29, 30, 31] M=[11, 14, 21, 26]
WITNESS_COORDS  P=[[0, 0, 0], [0, 0, 1], [0, 0, 2], [0, 0, 3], [0, 1, 0], [0, 1, 1], [0, 1, 2], [0, 1, 3], [0, 2, 0], [0, 2, 1], [0, 2, 2], [0, 3, 0], [0, 3, 1], [0, 3, 3], [1, 0, 0], [1, 0, 2], [1, 1, 0], [1, 1, 2], [1, 1, 3], [1, 2, 0], [1, 3, 0], [1, 3, 1], [1, 3, 2], [1, 3, 3]] M=[[0, 2, 3], [0, 3, 2], [1, 1, 1], [1, 2, 2]]  (independently verified: True)
WITNESS_INDICES P=[0, 1, 2, 3, 4, 5, 6, 7, 8, 9, 10, 12, 13, 15, 16, 20, 21, 22, 23, 24, 26, 28, 30, 31] M=[11, 14, 18, 29]
WITNESS_COORDS  P=[[0, 0, 0], [0, 0, 1], [0, 0, 2], [0, 0, 3], [0, 1, 0], [0, 1, 1], [0, 1, 2], [0, 1, 3], [0, 2, 0], [0, 2, 1], [0, 2, 2], [0, 3, 0], [0, 3, 1], [0, 3, 3], [1, 0, 0], [1, 1, 0], [1, 1, 1], [1, 1, 2], [1, 1, 3], [1, 2, 0], [1, 2, 2], [1, 3, 0], [1, 3, 2], [1, 3, 3]] M=[[0, 2, 3], [0, 3, 2], [1, 0, 2], [1, 3, 1]]  (independently verified: True)
WITNESS_INDICES P=[0, 1, 2, 3, 4, 5, 6, 7, 8, 9, 10, 12, 13, 15, 17, 18, 19, 21, 23, 24, 25, 26, 27, 29] M=[11, 14, 16, 31]
WITNESS_COORDS  P=[[0, 0, 0], [0, 0, 1], [0, 0, 2], [0, 0, 3], [0, 1, 0], [0, 1, 1], [0, 1, 2], [0, 1, 3], [0, 2, 0], [0, 2, 1], [0, 2, 2], [0, 3, 0], [0, 3, 1], [0, 3, 3], [1, 0, 1], [1, 0, 2], [1, 0, 3], [1, 1, 1], [1, 1, 3], [1, 2, 0], [1, 2, 1], [1, 2, 2], [1, 2, 3], [1, 3, 1]] M=[[0, 2, 3], [0, 3, 2], [1, 0, 0], [1, 3, 3]]  (independently verified: True)
WITNESS_INDICES P=[0, 1, 2, 3, 4, 5, 6, 7, 8, 9, 10, 12, 13, 15, 18, 20, 21, 22, 23, 24, 26, 28, 29, 30] M=[11, 14, 16, 31]
WITNESS_COORDS  P=[[0, 0, 0], [0, 0, 1], [0, 0, 2], [0, 0, 3], [0, 1, 0], [0, 1, 1], [0, 1, 2], [0, 1, 3], [0, 2, 0], [0, 2, 1], [0, 2, 2], [0, 3, 0], [0, 3, 1], [0, 3, 3], [1, 0, 2], [1, 1, 0], [1, 1, 1], [1, 1, 2], [1, 1, 3], [1, 2, 0], [1, 2, 2], [1, 3, 0], [1, 3, 1], [1, 3, 2]] M=[[0, 2, 3], [0, 3, 2], [1, 0, 0], [1, 3, 3]]  (independently verified: True)
WITNESS_INDICES P=[0, 1, 2, 3, 4, 5, 6, 7, 8, 9, 10, 12, 14, 15, 16, 17, 18, 19, 20, 24, 25, 27, 28, 30] M=[11, 13, 22, 26]
WITNESS_COORDS  P=[[0, 0, 0], [0, 0, 1], [0, 0, 2], [0, 0, 3], [0, 1, 0], [0, 1, 1], [0, 1, 2], [0, 1, 3], [0, 2, 0], [0, 2, 1], [0, 2, 2], [0, 3, 0], [0, 3, 2], [0, 3, 3], [1, 0, 0], [1, 0, 1], [1, 0, 2], [1, 0, 3], [1, 1, 0], [1, 2, 0], [1, 2, 1], [1, 2, 3], [1, 3, 0], [1, 3, 2]] M=[[0, 2, 3], [0, 3, 1], [1, 1, 2], [1, 2, 2]]  (independently verified: True)
WITNESS_INDICES P=[0, 1, 2, 3, 4, 5, 6, 7, 8, 9, 10, 12, 14, 15, 16, 17, 18, 19, 22, 25, 26, 27, 28, 30] M=[11, 13, 20, 24]
WITNESS_COORDS  P=[[0, 0, 0], [0, 0, 1], [0, 0, 2], [0, 0, 3], [0, 1, 0], [0, 1, 1], [0, 1, 2], [0, 1, 3], [0, 2, 0], [0, 2, 1], [0, 2, 2], [0, 3, 0], [0, 3, 2], [0, 3, 3], [1, 0, 0], [1, 0, 1], [1, 0, 2], [1, 0, 3], [1, 1, 2], [1, 2, 1], [1, 2, 2], [1, 2, 3], [1, 3, 0], [1, 3, 2]] M=[[0, 2, 3], [0, 3, 1], [1, 1, 0], [1, 2, 0]]  (independently verified: True)
