# CERTIFICATE: doubly saturated (3,9)-Ramsey graph on 35 vertices
# G = Cay(Z_35, +-{4,6,7,9}), 8-regular, 140 edges
n 35
s 3
t 9
edges 0,4 0,6 0,7 0,9 0,26 0,28 0,29 0,31 1,5 1,7 1,8 1,10 1,27 1,29 1,30 1,32 2,6 2,8 2,9 2,11 2,28 2,30 2,31 2,33 3,7 3,9 3,10 3,12 3,29 3,31 3,32 3,34 4,8 4,10 4,11 4,13 4,30 4,32 4,33 5,9 5,11 5,12 5,14 5,31 5,33 5,34 6,10 6,12 6,13 6,15 6,32 6,34 7,11 7,13 7,14 7,16 7,33 8,12 8,14 8,15 8,17 8,34 9,13 9,15 9,16 9,18 10,14 10,16 10,17 10,19 11,15 11,17 11,18 11,20 12,16 12,18 12,19 12,21 13,17 13,19 13,20 13,22 14,18 14,20 14,21 14,23 15,19 15,21 15,22 15,24 16,20 16,22 16,23 16,25 17,21 17,23 17,24 17,26 18,22 18,24 18,25 18,27 19,23 19,25 19,26 19,28 20,24 20,26 20,27 20,29 21,25 21,27 21,28 21,30 22,26 22,28 22,29 22,31 23,27 23,29 23,30 23,32 24,28 24,30 24,31 24,33 25,29 25,31 25,32 25,34 26,30 26,32 26,33 27,31 27,33 27,34 28,32 28,34 29,33 30,34
# ADD u v ... : the 3 listed vertices form a K3 of G+uv (uv a non-edge of G)
ADD 0 1 7
ADD 0 2 6
ADD 0 3 7
ADD 0 5 9
ADD 0 8 4
ADD 0 10 4
ADD 0 11 4
ADD 0 12 6
ADD 0 13 4
ADD 0 14 7
ADD 0 15 6
ADD 0 16 7
ADD 0 17 26
ADD 0 18 9
ADD 0 19 26
ADD 0 20 26
ADD 0 21 28
ADD 0 22 26
ADD 0 23 29
ADD 0 24 28
ADD 0 25 29
ADD 0 27 31
ADD 0 30 4
ADD 0 32 4
ADD 0 33 4
ADD 0 34 6
ADD 1 2 8
ADD 1 3 7
ADD 1 4 8
ADD 1 6 10
ADD 1 9 5
ADD 1 11 5
ADD 1 12 5
ADD 1 13 7
ADD 1 14 5
ADD 1 15 8
ADD 1 16 7
ADD 1 17 8
ADD 1 18 27
ADD 1 19 10
ADD 1 20 27
ADD 1 21 27
ADD 1 22 29
ADD 1 23 27
ADD 1 24 30
ADD 1 25 29
ADD 1 26 30
ADD 1 28 32
ADD 1 31 5
ADD 1 33 5
ADD 1 34 5
ADD 2 3 9
ADD 2 4 8
ADD 2 5 9
ADD 2 7 11
ADD 2 10 6
ADD 2 12 6
ADD 2 13 6
ADD 2 14 8
ADD 2 15 6
ADD 2 16 9
ADD 2 17 8
ADD 2 18 9
ADD 2 19 28
ADD 2 20 11
ADD 2 21 28
ADD 2 22 28
ADD 2 23 30
ADD 2 24 28
ADD 2 25 31
ADD 2 26 30
ADD 2 27 31
ADD 2 29 33
ADD 2 32 6
ADD 2 34 6
ADD 3 4 10
ADD 3 5 9
ADD 3 6 10
ADD 3 8 12
ADD 3 11 7
ADD 3 13 7
ADD 3 14 7
ADD 3 15 9
ADD 3 16 7
ADD 3 17 10
ADD 3 18 9
ADD 3 19 10
ADD 3 20 29
ADD 3 21 12
ADD 3 22 29
ADD 3 23 29
ADD 3 24 31
ADD 3 25 29
ADD 3 26 32
ADD 3 27 31
ADD 3 28 32
ADD 3 30 34
ADD 3 33 7
ADD 4 5 11
ADD 4 6 0
ADD 4 7 0
ADD 4 9 0
ADD 4 12 8
ADD 4 14 8
ADD 4 15 8
ADD 4 16 10
ADD 4 17 8
ADD 4 18 11
ADD 4 19 10
ADD 4 20 11
ADD 4 21 30
ADD 4 22 13
ADD 4 23 30
ADD 4 24 30
ADD 4 25 32
ADD 4 26 0
ADD 4 27 33
ADD 4 28 0
ADD 4 29 0
ADD 4 31 0
ADD 4 34 8
ADD 5 6 12
ADD 5 7 1
ADD 5 8 1
ADD 5 10 1
ADD 5 13 9
ADD 5 15 9
ADD 5 16 9
ADD 5 17 11
ADD 5 18 9
ADD 5 19 12
ADD 5 20 11
ADD 5 21 12
ADD 5 22 31
ADD 5 23 14
ADD 5 24 31
ADD 5 25 31
ADD 5 26 33
ADD 5 27 1
ADD 5 28 34
ADD 5 29 1
ADD 5 30 1
ADD 5 32 1
ADD 6 7 0
ADD 6 8 2
ADD 6 9 0
ADD 6 11 2
ADD 6 14 10
ADD 6 16 10
ADD 6 17 10
ADD 6 18 12
ADD 6 19 10
ADD 6 20 13
ADD 6 21 12
ADD 6 22 13
ADD 6 23 32
ADD 6 24 15
ADD 6 25 32
ADD 6 26 0
ADD 6 27 34
ADD 6 28 0
ADD 6 29 0
ADD 6 30 2
ADD 6 31 0
ADD 6 33 2
ADD 7 8 1
ADD 7 9 0
ADD 7 10 1
ADD 7 12 3
ADD 7 15 11
ADD 7 17 11
ADD 7 18 11
ADD 7 19 13
ADD 7 20 11
ADD 7 21 14
ADD 7 22 13
ADD 7 23 14
ADD 7 24 33
ADD 7 25 16
ADD 7 26 0
ADD 7 27 1
ADD 7 28 0
ADD 7 29 0
ADD 7 30 1
ADD 7 31 0
ADD 7 32 1
ADD 7 34 3
ADD 8 9 2
ADD 8 10 1
ADD 8 11 2
ADD 8 13 4
ADD 8 16 12
ADD 8 18 12
ADD 8 19 12
ADD 8 20 14
ADD 8 21 12
ADD 8 22 15
ADD 8 23 14
ADD 8 24 15
ADD 8 25 34
ADD 8 26 17
ADD 8 27 1
ADD 8 28 2
ADD 8 29 1
ADD 8 30 1
ADD 8 31 2
ADD 8 32 1
ADD 8 33 2
ADD 9 10 3
ADD 9 11 2
ADD 9 12 3
ADD 9 14 5
ADD 9 17 13
ADD 9 19 13
ADD 9 20 13
ADD 9 21 15
ADD 9 22 13
ADD 9 23 16
ADD 9 24 15
ADD 9 25 16
ADD 9 26 0
ADD 9 27 18
ADD 9 28 0
ADD 9 29 0
ADD 9 30 2
ADD 9 31 0
ADD 9 32 3
ADD 9 33 2
ADD 9 34 3
ADD 10 11 4
ADD 10 12 3
ADD 10 13 4
ADD 10 15 6
ADD 10 18 14
ADD 10 20 14
ADD 10 21 14
ADD 10 22 16
ADD 10 23 14
ADD 10 24 17
ADD 10 25 16
ADD 10 26 17
ADD 10 27 1
ADD 10 28 19
ADD 10 29 1
ADD 10 30 1
ADD 10 31 3
ADD 10 32 1
ADD 10 33 4
ADD 10 34 3
ADD 11 12 5
ADD 11 13 4
ADD 11 14 5
ADD 11 16 7
ADD 11 19 15
ADD 11 21 15
ADD 11 22 15
ADD 11 23 17
ADD 11 24 15
ADD 11 25 18
ADD 11 26 17
ADD 11 27 18
ADD 11 28 2
ADD 11 29 20
ADD 11 30 2
ADD 11 31 2
ADD 11 32 4
ADD 11 33 2
ADD 11 34 5
ADD 12 13 6
ADD 12 14 5
ADD 12 15 6
ADD 12 17 8
ADD 12 20 16
ADD 12 22 16
ADD 12 23 16
ADD 12 24 18
ADD 12 25 16
ADD 12 26 19
ADD 12 27 18
ADD 12 28 19
ADD 12 29 3
ADD 12 30 21
ADD 12 31 3
ADD 12 32 3
ADD 12 33 5
ADD 12 34 3
ADD 13 14 7
ADD 13 15 6
ADD 13 16 7
ADD 13 18 9
ADD 13 21 17
ADD 13 23 17
ADD 13 24 17
ADD 13 25 19
ADD 13 26 17
ADD 13 27 20
ADD 13 28 19
ADD 13 29 20
ADD 13 30 4
ADD 13 31 22
ADD 13 32 4
ADD 13 33 4
ADD 13 34 6
ADD 14 15 8
ADD 14 16 7
ADD 14 17 8
ADD 14 19 10
ADD 14 22 18
ADD 14 24 18
ADD 14 25 18
ADD 14 26 20
ADD 14 27 18
ADD 14 28 21
ADD 14 29 20
ADD 14 30 21
ADD 14 31 5
ADD 14 32 23
ADD 14 33 5
ADD 14 34 5
ADD 15 16 9
ADD 15 17 8
ADD 15 18 9
ADD 15 20 11
ADD 15 23 19
ADD 15 25 19
ADD 15 26 19
ADD 15 27 21
ADD 15 28 19
ADD 15 29 22
ADD 15 30 21
ADD 15 31 22
ADD 15 32 6
ADD 15 33 24
ADD 15 34 6
ADD 16 17 10
ADD 16 18 9
ADD 16 19 10
ADD 16 21 12
ADD 16 24 20
ADD 16 26 20
ADD 16 27 20
ADD 16 28 22
ADD 16 29 20
ADD 16 30 23
ADD 16 31 22
ADD 16 32 23
ADD 16 33 7
ADD 16 34 25
ADD 17 18 11
ADD 17 19 10
ADD 17 20 11
ADD 17 22 13
ADD 17 25 21
ADD 17 27 21
ADD 17 28 21
ADD 17 29 23
ADD 17 30 21
ADD 17 31 24
ADD 17 32 23
ADD 17 33 24
ADD 17 34 8
ADD 18 19 12
ADD 18 20 11
ADD 18 21 12
ADD 18 23 14
ADD 18 26 22
ADD 18 28 22
ADD 18 29 22
ADD 18 30 24
ADD 18 31 22
ADD 18 32 25
ADD 18 33 24
ADD 18 34 25
ADD 19 20 13
ADD 19 21 12
ADD 19 22 13
ADD 19 24 15
ADD 19 27 23
ADD 19 29 23
ADD 19 30 23
ADD 19 31 25
ADD 19 32 23
ADD 19 33 26
ADD 19 34 25
ADD 20 21 14
ADD 20 22 13
ADD 20 23 14
ADD 20 25 16
ADD 20 28 24
ADD 20 30 24
ADD 20 31 24
ADD 20 32 26
ADD 20 33 24
ADD 20 34 27
ADD 21 22 15
ADD 21 23 14
ADD 21 24 15
ADD 21 26 17
ADD 21 29 25
ADD 21 31 25
ADD 21 32 25
ADD 21 33 27
ADD 21 34 25
ADD 22 23 16
ADD 22 24 15
ADD 22 25 16
ADD 22 27 18
ADD 22 30 26
ADD 22 32 26
ADD 22 33 26
ADD 22 34 28
ADD 23 24 17
ADD 23 25 16
ADD 23 26 17
ADD 23 28 19
ADD 23 31 27
ADD 23 33 27
ADD 23 34 27
ADD 24 25 18
ADD 24 26 17
ADD 24 27 18
ADD 24 29 20
ADD 24 32 28
ADD 24 34 28
ADD 25 26 19
ADD 25 27 18
ADD 25 28 19
ADD 25 30 21
ADD 25 33 29
ADD 26 27 20
ADD 26 28 0
ADD 26 29 0
ADD 26 31 0
ADD 26 34 30
ADD 27 28 21
ADD 27 29 1
ADD 27 30 1
ADD 27 32 1
ADD 28 29 0
ADD 28 30 2
ADD 28 31 0
ADD 28 33 2
ADD 29 30 1
ADD 29 31 0
ADD 29 32 1
ADD 29 34 3
ADD 30 31 2
ADD 30 32 1
ADD 30 33 2
ADD 31 32 3
ADD 31 33 2
ADD 31 34 3
ADD 32 33 4
ADD 32 34 3
ADD 33 34 5
# DEL u v ... : the 9 listed vertices are independent in G-uv (uv an edge of G)
DEL 0 4 1 2 3 14 15 16 17
DEL 0 6 1 3 11 14 16 19 24
DEL 0 7 2 5 10 15 18 20 23
DEL 0 9 1 11 12 14 22 24 25
DEL 0 26 1 2 3 13 14 15 16
DEL 0 28 1 3 11 13 14 16 33
DEL 0 29 2 5 10 13 15 18 32
DEL 0 31 1 11 12 13 14 33 34
DEL 1 5 0 2 3 13 15 16 18
DEL 1 7 2 4 12 15 17 20 25
DEL 1 8 0 3 11 13 16 21 24
DEL 1 10 0 2 12 13 15 23 25
DEL 1 27 0 2 3 13 14 15 16
DEL 1 29 2 4 12 14 15 17 34
DEL 1 30 0 3 11 13 14 16 33
DEL 1 32 0 2 12 13 14 15 34
DEL 2 6 1 3 4 14 16 17 19
DEL 2 8 0 3 5 13 16 18 21
DEL 2 9 1 4 12 14 17 22 25
DEL 2 11 0 1 3 13 14 16 24
DEL 2 28 1 3 4 14 15 16 17
DEL 2 30 0 3 5 13 15 16 18
DEL 2 31 1 4 12 14 15 17 34
DEL 2 33 0 1 3 13 14 15 16
DEL 3 7 2 4 5 15 17 18 20
DEL 3 9 1 4 6 14 17 19 22
DEL 3 10 0 2 5 13 15 18 23
DEL 3 12 0 1 2 13 14 15 25
DEL 3 29 2 4 5 15 16 17 18
DEL 3 31 1 4 6 14 16 17 19
DEL 3 32 0 2 5 13 15 16 18
DEL 3 34 0 1 2 13 14 15 16
DEL 4 8 3 5 6 16 18 19 21
DEL 4 10 2 5 7 15 18 20 23
DEL 4 11 1 3 6 14 16 19 24
DEL 4 13 1 2 3 14 15 16 26
DEL 4 30 3 5 6 16 17 18 19
DEL 4 32 2 5 7 15 17 18 20
DEL 4 33 1 3 6 14 16 17 19
DEL 5 9 4 6 7 17 19 20 22
DEL 5 11 0 3 8 13 16 21 24
DEL 5 12 0 2 10 13 15 23 25
DEL 5 14 0 2 3 13 15 16 27
DEL 5 31 4 6 7 17 18 19 20
DEL 5 33 0 3 8 13 16 18 21
DEL 5 34 0 2 10 13 15 18 23
DEL 6 10 5 7 8 18 20 21 23
DEL 6 12 1 4 9 14 17 22 25
DEL 6 13 1 3 11 14 16 24 26
DEL 6 15 1 3 4 14 16 17 28
DEL 6 32 5 7 8 18 19 20 21
DEL 6 34 1 4 9 14 17 19 22
DEL 7 11 6 8 9 19 21 22 24
DEL 7 13 2 5 10 15 18 23 26
DEL 7 14 2 4 12 15 17 25 27
DEL 7 16 2 4 5 15 17 18 29
DEL 7 33 6 8 9 19 20 21 22
DEL 8 12 0 10 11 13 23 24 25
DEL 8 14 0 3 11 13 16 24 27
DEL 8 15 0 3 5 13 16 18 30
DEL 8 17 0 3 5 16 18 19 30
DEL 8 34 0 10 11 13 21 23 24
DEL 9 13 1 11 12 14 24 25 26
DEL 9 15 1 4 12 14 17 25 28
DEL 9 16 1 4 6 14 17 19 31
DEL 9 18 1 4 6 17 19 20 31
DEL 10 14 0 2 12 13 15 25 27
DEL 10 16 0 2 5 13 15 18 32
DEL 10 17 0 2 5 15 18 20 32
DEL 10 19 0 2 5 18 20 21 32
DEL 11 15 0 1 3 13 14 16 33
DEL 11 17 0 1 3 14 16 19 33
DEL 11 18 0 1 3 13 16 21 33
DEL 11 20 0 1 3 19 21 22 33
DEL 12 16 0 1 2 13 14 15 34
DEL 12 18 0 1 2 13 15 23 34
DEL 12 19 0 1 2 14 17 22 34
DEL 12 21 0 1 2 13 23 24 34
DEL 13 17 0 1 2 3 14 15 16
DEL 13 19 0 1 2 3 14 16 24
DEL 13 20 0 1 2 3 15 18 23
DEL 13 22 0 1 2 3 14 24 25
DEL 14 18 0 1 2 3 13 15 16
DEL 14 20 0 1 2 3 15 17 25
DEL 14 21 0 1 2 3 13 16 24
DEL 14 23 0 1 2 3 13 15 25
DEL 15 19 0 1 2 3 14 16 17
DEL 15 21 0 1 2 3 13 16 18
DEL 15 22 0 1 2 3 14 17 25
DEL 15 24 0 1 2 3 13 14 16
DEL 16 20 0 1 2 3 15 17 18
DEL 16 22 0 1 2 3 14 17 19
DEL 16 23 0 1 2 3 13 15 18
DEL 16 25 0 1 2 3 13 14 15
DEL 17 21 0 1 2 3 16 18 19
DEL 17 23 0 1 2 3 15 18 20
DEL 17 24 0 1 2 3 14 16 19
DEL 17 26 1 2 3 4 14 15 16
DEL 18 22 0 1 2 3 17 19 20
DEL 18 24 0 1 2 3 13 16 21
DEL 18 25 0 1 2 3 13 15 23
DEL 18 27 0 2 3 5 13 15 16
DEL 19 23 0 1 2 3 18 20 21
DEL 19 25 0 1 2 3 14 17 22
DEL 19 26 1 2 3 4 14 16 24
DEL 19 28 1 3 4 6 14 16 17
DEL 20 24 0 1 2 3 19 21 22
DEL 20 26 1 2 3 4 15 18 23
DEL 20 27 0 2 3 5 15 17 25
DEL 20 29 2 4 5 7 15 17 18
DEL 21 25 0 1 2 3 13 23 24
DEL 21 27 0 2 3 5 13 16 24
DEL 21 28 1 3 4 6 16 18 26
DEL 21 30 0 3 5 8 13 16 18
DEL 22 26 1 2 3 4 14 24 25
DEL 22 28 1 3 4 6 14 17 25
DEL 22 29 2 4 5 7 17 19 27
DEL 22 31 1 4 6 9 14 17 19
DEL 23 27 0 2 3 5 13 15 25
DEL 23 29 2 4 5 7 15 18 26
DEL 23 30 0 3 5 8 20 22 25
DEL 23 32 0 2 5 10 13 15 18
DEL 24 28 1 3 4 6 14 16 26
DEL 24 30 0 3 5 8 13 16 27
DEL 24 31 1 4 6 9 21 23 26
DEL 24 33 0 1 3 11 13 14 16
DEL 25 29 2 4 5 7 15 17 27
DEL 25 31 1 4 6 9 14 17 28
DEL 25 32 0 2 5 10 13 15 27
DEL 25 34 0 1 2 12 13 14 15
DEL 26 30 3 5 6 8 16 18 28
DEL 26 32 2 5 7 10 15 18 29
DEL 26 33 1 3 6 11 14 16 28
DEL 27 31 4 6 7 9 17 19 29
DEL 27 33 0 3 8 11 13 16 30
DEL 27 34 0 2 10 12 13 15 32
DEL 28 32 5 7 8 10 18 20 30
DEL 28 34 1 4 9 12 14 17 31
DEL 29 33 6 8 9 11 19 21 31
DEL 30 34 0 10 11 12 13 32 33
