# CERTIFICATE: doubly saturated (5,5)-Ramsey graph on 29 vertices
# G = Cay(Z_29, +-{1,4,5,6,7,9,13}), 14-regular, 203 edges
n 29
s 5
t 5
edges 0,1 0,4 0,5 0,6 0,7 0,9 0,13 0,16 0,20 0,22 0,23 0,24 0,25 0,28 1,2 1,5 1,6 1,7 1,8 1,10 1,14 1,17 1,21 1,23 1,24 1,25 1,26 2,3 2,6 2,7 2,8 2,9 2,11 2,15 2,18 2,22 2,24 2,25 2,26 2,27 3,4 3,7 3,8 3,9 3,10 3,12 3,16 3,19 3,23 3,25 3,26 3,27 3,28 4,5 4,8 4,9 4,10 4,11 4,13 4,17 4,20 4,24 4,26 4,27 4,28 5,6 5,9 5,10 5,11 5,12 5,14 5,18 5,21 5,25 5,27 5,28 6,7 6,10 6,11 6,12 6,13 6,15 6,19 6,22 6,26 6,28 7,8 7,11 7,12 7,13 7,14 7,16 7,20 7,23 7,27 8,9 8,12 8,13 8,14 8,15 8,17 8,21 8,24 8,28 9,10 9,13 9,14 9,15 9,16 9,18 9,22 9,25 10,11 10,14 10,15 10,16 10,17 10,19 10,23 10,26 11,12 11,15 11,16 11,17 11,18 11,20 11,24 11,27 12,13 12,16 12,17 12,18 12,19 12,21 12,25 12,28 13,14 13,17 13,18 13,19 13,20 13,22 13,26 14,15 14,18 14,19 14,20 14,21 14,23 14,27 15,16 15,19 15,20 15,21 15,22 15,24 15,28 16,17 16,20 16,21 16,22 16,23 16,25 17,18 17,21 17,22 17,23 17,24 17,26 18,19 18,22 18,23 18,24 18,25 18,27 19,20 19,23 19,24 19,25 19,26 19,28 20,21 20,24 20,25 20,26 20,27 21,22 21,25 21,26 21,27 21,28 22,23 22,26 22,27 22,28 23,24 23,27 23,28 24,25 24,28 25,26 26,27 27,28
# ADD u v ... : the 5 listed vertices form a K5 of G+uv (uv a non-edge of G)
ADD 0 2 1 6 7
ADD 0 3 7 16 23
ADD 0 8 4 9 13
ADD 0 10 1 5 6
ADD 0 11 4 20 24
ADD 0 12 5 6 28
ADD 0 14 1 7 23
ADD 0 15 6 22 28
ADD 0 17 1 23 24
ADD 0 18 5 9 25
ADD 0 19 20 24 25
ADD 0 21 1 5 25
ADD 0 26 4 13 20
ADD 0 27 4 5 28
ADD 1 3 2 7 8
ADD 1 4 8 17 24
ADD 1 9 0 5 25
ADD 1 11 2 6 7
ADD 1 12 5 21 25
ADD 1 13 0 6 7
ADD 1 15 2 8 24
ADD 1 16 0 7 23
ADD 1 18 2 24 25
ADD 1 19 6 10 26
ADD 1 20 0 24 25
ADD 1 22 2 6 26
ADD 1 27 5 14 21
ADD 1 28 0 5 6
ADD 2 4 3 8 9
ADD 2 5 9 18 25
ADD 2 10 1 6 26
ADD 2 12 3 7 8
ADD 2 13 6 22 26
ADD 2 14 1 7 8
ADD 2 16 3 9 25
ADD 2 17 1 8 24
ADD 2 19 3 25 26
ADD 2 20 7 11 27
ADD 2 21 1 25 26
ADD 2 23 3 7 27
ADD 2 28 6 15 22
ADD 3 5 4 9 10
ADD 3 6 10 19 26
ADD 3 11 2 7 27
ADD 3 13 4 8 9
ADD 3 14 7 23 27
ADD 3 15 2 8 9
ADD 3 17 4 10 26
ADD 3 18 2 9 25
ADD 3 20 4 26 27
ADD 3 21 8 12 28
ADD 3 22 2 26 27
ADD 3 24 4 8 28
ADD 4 6 0 5 28
ADD 4 7 0 13 20
ADD 4 12 3 8 28
ADD 4 14 5 9 10
ADD 4 15 8 24 28
ADD 4 16 3 9 10
ADD 4 18 5 11 27
ADD 4 19 3 10 26
ADD 4 21 5 27 28
ADD 4 22 0 9 13
ADD 4 23 0 24 28
ADD 4 25 0 5 9
ADD 5 7 0 1 6
ADD 5 8 1 14 21
ADD 5 13 0 4 9
ADD 5 15 6 10 11
ADD 5 16 0 9 25
ADD 5 17 4 10 11
ADD 5 19 6 12 28
ADD 5 20 4 11 27
ADD 5 22 0 6 28
ADD 5 23 1 10 14
ADD 5 24 0 1 25
ADD 5 26 1 6 10
ADD 6 8 1 2 7
ADD 6 9 0 13 22
ADD 6 14 1 5 10
ADD 6 16 7 11 12
ADD 6 17 1 10 26
ADD 6 18 5 11 12
ADD 6 20 0 7 13
ADD 6 21 5 12 28
ADD 6 23 0 1 7
ADD 6 24 2 11 15
ADD 6 25 0 1 5
ADD 6 27 2 7 11
ADD 7 9 2 3 8
ADD 7 10 1 14 23
ADD 7 15 2 6 11
ADD 7 17 8 12 13
ADD 7 18 2 11 27
ADD 7 19 6 12 13
ADD 7 21 1 8 14
ADD 7 22 0 6 13
ADD 7 24 0 1 23
ADD 7 25 0 16 20
ADD 7 26 1 2 6
ADD 7 28 3 8 12
ADD 8 10 3 4 9
ADD 8 11 2 15 24
ADD 8 16 3 7 12
ADD 8 18 9 13 14
ADD 8 19 3 12 28
ADD 8 20 7 13 14
ADD 8 22 2 9 15
ADD 8 23 1 7 14
ADD 8 25 1 2 24
ADD 8 26 1 17 21
ADD 8 27 2 3 7
ADD 9 11 4 5 10
ADD 9 12 3 16 25
ADD 9 17 4 8 13
ADD 9 19 10 14 15
ADD 9 20 0 4 13
ADD 9 21 8 14 15
ADD 9 23 0 16 22
ADD 9 24 2 8 15
ADD 9 26 2 3 25
ADD 9 27 2 18 22
ADD 9 28 0 4 5
ADD 10 12 5 6 11
ADD 10 13 4 17 26
ADD 10 18 5 9 14
ADD 10 20 11 15 16
ADD 10 21 1 5 14
ADD 10 22 9 15 16
ADD 10 24 1 17 23
ADD 10 25 3 9 16
ADD 10 27 3 4 26
ADD 10 28 3 19 23
ADD 11 13 6 7 12
ADD 11 14 5 18 27
ADD 11 19 6 10 15
ADD 11 21 12 16 17
ADD 11 22 2 6 15
ADD 11 23 10 16 17
ADD 11 25 2 18 24
ADD 11 26 4 10 17
ADD 11 28 4 5 27
ADD 12 14 7 8 13
ADD 12 15 6 19 28
ADD 12 20 7 11 16
ADD 12 22 13 17 18
ADD 12 23 3 7 16
ADD 12 24 11 17 18
ADD 12 26 3 19 25
ADD 12 27 5 11 18
ADD 13 15 8 9 14
ADD 13 16 0 7 20
ADD 13 21 8 12 17
ADD 13 23 14 18 19
ADD 13 24 0 4 20
ADD 13 25 12 18 19
ADD 13 27 4 20 26
ADD 13 28 0 6 22
ADD 14 16 9 10 15
ADD 14 17 1 8 21
ADD 14 22 9 13 18
ADD 14 24 15 19 20
ADD 14 25 1 5 21
ADD 14 26 13 19 20
ADD 14 28 5 21 27
ADD 15 17 10 11 16
ADD 15 18 2 9 22
ADD 15 23 10 14 19
ADD 15 25 16 20 21
ADD 15 26 2 6 22
ADD 15 27 14 20 21
ADD 16 18 11 12 17
ADD 16 19 3 10 23
ADD 16 24 0 20 25
ADD 16 26 17 21 22
ADD 16 27 3 7 23
ADD 16 28 0 22 23
ADD 17 19 12 13 18
ADD 17 20 4 11 24
ADD 17 25 1 21 26
ADD 17 27 18 22 23
ADD 17 28 4 8 24
ADD 18 20 13 14 19
ADD 18 21 5 12 25
ADD 18 26 2 22 27
ADD 18 28 19 23 24
ADD 19 21 14 15 20
ADD 19 22 6 13 26
ADD 19 27 3 23 28
ADD 20 22 15 16 21
ADD 20 23 0 7 16
ADD 20 28 0 4 24
ADD 21 23 16 17 22
ADD 21 24 1 8 17
ADD 22 24 0 23 28
ADD 22 25 0 9 16
ADD 23 25 0 1 24
ADD 23 26 1 10 17
ADD 24 26 1 2 25
ADD 24 27 2 11 18
ADD 25 27 2 3 26
ADD 25 28 3 12 19
ADD 26 28 3 4 27
# DEL u v ... : the 5 listed vertices are independent in G-uv (uv an edge of G)
DEL 0 1 3 15 18
DEL 0 4 2 12 14
DEL 0 5 2 17 19
DEL 0 6 3 14 17
DEL 0 7 10 18 21
DEL 0 9 11 19 21
DEL 0 13 2 10 21
DEL 0 16 8 18 26
DEL 0 20 2 10 12
DEL 0 22 3 11 14
DEL 0 23 8 11 26
DEL 0 24 10 12 27
DEL 0 25 8 10 27
DEL 0 28 2 14 17
DEL 1 2 4 16 19
DEL 1 5 3 13 15
DEL 1 6 3 18 20
DEL 1 7 4 15 18
DEL 1 8 11 19 22
DEL 1 10 12 20 22
DEL 1 14 3 11 22
DEL 1 17 9 19 27
DEL 1 21 3 11 13
DEL 1 23 4 12 15
DEL 1 24 9 12 27
DEL 1 25 11 13 28
DEL 1 26 9 11 28
DEL 2 3 0 14 17
DEL 2 6 4 14 16
DEL 2 7 4 19 21
DEL 2 8 5 16 19
DEL 2 9 12 20 23
DEL 2 11 0 19 21
DEL 2 15 4 12 23
DEL 2 18 0 10 21
DEL 2 22 4 12 14
DEL 2 24 5 13 16
DEL 2 25 10 13 28
DEL 2 26 0 12 14
DEL 2 27 0 10 12
DEL 3 4 1 15 18
DEL 3 7 5 15 17
DEL 3 8 5 20 22
DEL 3 9 6 17 20
DEL 3 10 0 18 21
DEL 3 12 1 20 22
DEL 3 16 5 13 24
DEL 3 19 0 11 21
DEL 3 23 5 13 15
DEL 3 25 6 14 17
DEL 3 26 0 11 14
DEL 3 27 0 15 17
DEL 3 28 1 11 13
DEL 4 5 2 16 19
DEL 4 8 6 16 18
DEL 4 9 6 21 23
DEL 4 10 7 18 21
DEL 4 11 1 19 22
DEL 4 13 2 21 23
DEL 4 17 6 14 25
DEL 4 20 1 12 22
DEL 4 24 6 14 16
DEL 4 26 7 15 18
DEL 4 27 1 12 15
DEL 4 28 1 16 18
DEL 5 6 3 17 20
DEL 5 9 7 17 19
DEL 5 10 7 22 24
DEL 5 11 8 19 22
DEL 5 12 2 20 23
DEL 5 14 3 22 24
DEL 5 18 7 15 26
DEL 5 21 2 13 23
DEL 5 25 7 15 17
DEL 5 27 8 16 19
DEL 5 28 2 13 16
DEL 6 7 4 18 21
DEL 6 10 8 18 20
DEL 6 11 8 23 25
DEL 6 12 9 20 23
DEL 6 13 3 21 24
DEL 6 15 4 23 25
DEL 6 19 8 16 27
DEL 6 22 3 14 24
DEL 6 26 8 16 18
DEL 6 28 9 17 20
DEL 7 8 5 19 22
DEL 7 11 9 19 21
DEL 7 12 9 24 26
DEL 7 13 10 21 24
DEL 7 14 4 22 25
DEL 7 16 5 24 26
DEL 7 20 9 17 28
DEL 7 23 4 15 25
DEL 7 27 9 17 19
DEL 8 9 6 20 23
DEL 8 12 0 10 27
DEL 8 13 10 25 27
DEL 8 14 0 11 26
DEL 8 15 0 18 26
DEL 8 17 0 19 27
DEL 8 21 0 10 18
DEL 8 24 5 16 26
DEL 8 28 10 18 20
DEL 9 10 7 21 24
DEL 9 13 1 11 28
DEL 9 14 11 26 28
DEL 9 15 1 12 27
DEL 9 16 1 19 27
DEL 9 18 1 20 28
DEL 9 22 1 11 19
DEL 9 25 6 17 27
DEL 10 11 8 22 25
DEL 10 14 0 2 12
DEL 10 15 0 12 27
DEL 10 16 2 13 28
DEL 10 17 2 20 28
DEL 10 19 0 2 21
DEL 10 23 2 12 20
DEL 10 26 0 8 18
DEL 11 12 0 14 26
DEL 11 15 1 3 13
DEL 11 16 1 13 28
DEL 11 17 0 3 14
DEL 11 18 0 3 21
DEL 11 20 1 3 22
DEL 11 24 3 13 21
DEL 11 27 0 8 19
DEL 12 13 1 15 27
DEL 12 16 2 4 14
DEL 12 17 0 2 14
DEL 12 18 0 15 26
DEL 12 19 1 4 22
DEL 12 21 0 2 10
DEL 12 25 4 14 22
DEL 12 28 1 9 20
DEL 13 14 2 16 28
DEL 13 17 3 5 15
DEL 13 18 1 3 15
DEL 13 19 1 16 27
DEL 13 20 2 5 23
DEL 13 22 1 3 11
DEL 13 26 5 15 23
DEL 14 15 0 3 17
DEL 14 18 4 6 16
DEL 14 19 0 2 17
DEL 14 20 2 17 28
DEL 14 21 0 3 11
DEL 14 23 2 4 12
DEL 14 27 6 16 24
DEL 15 16 1 4 18
DEL 15 19 0 17 27
DEL 15 20 1 3 18
DEL 15 21 0 3 18
DEL 15 22 1 4 12
DEL 15 24 3 5 13
DEL 15 28 7 17 25
DEL 16 17 2 5 19
DEL 16 20 1 18 28
DEL 16 21 2 4 19
DEL 16 22 1 4 19
DEL 16 23 2 5 13
DEL 16 25 4 6 14
DEL 17 18 0 3 15
DEL 17 21 0 2 19
DEL 17 22 3 5 20
DEL 17 23 2 5 20
DEL 17 24 3 6 14
DEL 17 26 5 7 15
DEL 18 19 1 4 16
DEL 18 22 1 3 20
DEL 18 23 4 6 21
DEL 18 24 3 6 21
DEL 18 25 4 7 15
DEL 18 27 0 8 10
DEL 19 20 2 5 17
DEL 19 23 2 4 21
DEL 19 24 5 7 22
DEL 19 25 4 7 22
DEL 19 26 0 8 11
DEL 19 28 1 9 11
DEL 20 21 3 6 18
DEL 20 24 3 5 22
DEL 20 25 6 8 23
DEL 20 26 5 8 23
DEL 20 27 1 9 12
DEL 21 22 4 7 19
DEL 21 25 4 6 23
DEL 21 26 7 9 24
DEL 21 27 6 9 24
DEL 21 28 2 10 13
DEL 22 23 5 8 20
DEL 22 26 5 7 24
DEL 22 27 8 10 25
DEL 22 28 7 10 25
DEL 23 24 6 9 21
DEL 23 27 6 8 25
DEL 23 28 9 11 26
DEL 24 25 7 10 22
DEL 24 28 7 9 26
DEL 25 26 8 11 23
DEL 26 27 0 12 15
DEL 27 28 1 13 16
