# CERTIFICATE: doubly saturated (4,6)-Ramsey graph on 25 vertices
# G = Cay(Z_25, +-{1,3,5,7,8}), 10-regular, 125 edges
n 25
s 4
t 6
edges 0,1 0,3 0,5 0,7 0,8 0,17 0,18 0,20 0,22 0,24 1,2 1,4 1,6 1,8 1,9 1,18 1,19 1,21 1,23 2,3 2,5 2,7 2,9 2,10 2,19 2,20 2,22 2,24 3,4 3,6 3,8 3,10 3,11 3,20 3,21 3,23 4,5 4,7 4,9 4,11 4,12 4,21 4,22 4,24 5,6 5,8 5,10 5,12 5,13 5,22 5,23 6,7 6,9 6,11 6,13 6,14 6,23 6,24 7,8 7,10 7,12 7,14 7,15 7,24 8,9 8,11 8,13 8,15 8,16 9,10 9,12 9,14 9,16 9,17 10,11 10,13 10,15 10,17 10,18 11,12 11,14 11,16 11,18 11,19 12,13 12,15 12,17 12,19 12,20 13,14 13,16 13,18 13,20 13,21 14,15 14,17 14,19 14,21 14,22 15,16 15,18 15,20 15,22 15,23 16,17 16,19 16,21 16,23 16,24 17,18 17,20 17,22 17,24 18,19 18,21 18,23 19,20 19,22 19,24 20,21 20,23 21,22 21,24 22,23 23,24
# ADD u v ... : the 4 listed vertices form a K4 of G+uv (uv a non-edge of G)
ADD 0 2 3 20
ADD 0 4 5 22
ADD 0 6 7 24
ADD 0 9 1 8
ADD 0 10 17 18
ADD 0 11 3 8
ADD 0 12 17 20
ADD 0 13 5 8
ADD 0 14 17 22
ADD 0 15 7 8
ADD 0 16 17 24
ADD 0 19 1 18
ADD 0 21 1 18
ADD 0 23 1 18
ADD 1 3 0 8
ADD 1 5 0 8
ADD 1 7 0 8
ADD 1 10 2 9
ADD 1 11 18 19
ADD 1 12 4 9
ADD 1 13 18 21
ADD 1 14 6 9
ADD 1 15 18 23
ADD 1 16 8 9
ADD 1 17 0 18
ADD 1 20 2 19
ADD 1 22 2 19
ADD 1 24 2 19
ADD 2 4 1 9
ADD 2 6 1 9
ADD 2 8 1 9
ADD 2 11 3 10
ADD 2 12 19 20
ADD 2 13 5 10
ADD 2 14 19 22
ADD 2 15 7 10
ADD 2 16 19 24
ADD 2 17 9 10
ADD 2 18 1 19
ADD 2 21 3 20
ADD 2 23 3 20
ADD 3 5 0 8
ADD 3 7 0 8
ADD 3 9 2 10
ADD 3 12 4 11
ADD 3 13 20 21
ADD 3 14 6 11
ADD 3 15 20 23
ADD 3 16 8 11
ADD 3 17 0 20
ADD 3 18 10 11
ADD 3 19 2 20
ADD 3 22 4 21
ADD 3 24 4 21
ADD 4 6 1 9
ADD 4 8 1 9
ADD 4 10 3 11
ADD 4 13 5 12
ADD 4 14 21 22
ADD 4 15 7 12
ADD 4 16 21 24
ADD 4 17 9 12
ADD 4 18 1 21
ADD 4 19 11 12
ADD 4 20 3 21
ADD 4 23 5 22
ADD 5 7 0 8
ADD 5 9 2 10
ADD 5 11 4 12
ADD 5 14 6 13
ADD 5 15 22 23
ADD 5 16 8 13
ADD 5 17 0 22
ADD 5 18 10 13
ADD 5 19 2 22
ADD 5 20 12 13
ADD 5 21 4 22
ADD 5 24 6 23
ADD 6 8 1 9
ADD 6 10 3 11
ADD 6 12 5 13
ADD 6 15 7 14
ADD 6 16 23 24
ADD 6 17 9 14
ADD 6 18 1 23
ADD 6 19 11 14
ADD 6 20 3 23
ADD 6 21 13 14
ADD 6 22 5 23
ADD 7 9 2 10
ADD 7 11 4 12
ADD 7 13 6 14
ADD 7 16 8 15
ADD 7 17 0 24
ADD 7 18 10 15
ADD 7 19 2 24
ADD 7 20 12 15
ADD 7 21 4 24
ADD 7 22 14 15
ADD 7 23 6 24
ADD 8 10 3 11
ADD 8 12 5 13
ADD 8 14 7 15
ADD 8 17 9 16
ADD 8 18 0 1
ADD 8 19 11 16
ADD 8 20 0 3
ADD 8 21 13 16
ADD 8 22 0 5
ADD 8 23 15 16
ADD 8 24 0 7
ADD 9 11 4 12
ADD 9 13 6 14
ADD 9 15 8 16
ADD 9 18 10 17
ADD 9 19 1 2
ADD 9 20 12 17
ADD 9 21 1 4
ADD 9 22 14 17
ADD 9 23 1 6
ADD 9 24 16 17
ADD 10 12 5 13
ADD 10 14 7 15
ADD 10 16 9 17
ADD 10 19 11 18
ADD 10 20 2 3
ADD 10 21 13 18
ADD 10 22 2 5
ADD 10 23 15 18
ADD 10 24 2 7
ADD 11 13 6 14
ADD 11 15 8 16
ADD 11 17 10 18
ADD 11 20 12 19
ADD 11 21 3 4
ADD 11 22 14 19
ADD 11 23 3 6
ADD 11 24 16 19
ADD 12 14 7 15
ADD 12 16 9 17
ADD 12 18 11 19
ADD 12 21 13 20
ADD 12 22 4 5
ADD 12 23 15 20
ADD 12 24 4 7
ADD 13 15 8 16
ADD 13 17 10 18
ADD 13 19 12 20
ADD 13 22 14 21
ADD 13 23 5 6
ADD 13 24 16 21
ADD 14 16 9 17
ADD 14 18 11 19
ADD 14 20 13 21
ADD 14 23 15 22
ADD 14 24 6 7
ADD 15 17 10 18
ADD 15 19 12 20
ADD 15 21 14 22
ADD 15 24 16 23
ADD 16 18 11 19
ADD 16 20 13 21
ADD 16 22 15 23
ADD 17 19 12 20
ADD 17 21 14 22
ADD 17 23 16 24
ADD 18 20 0 17
ADD 18 22 0 17
ADD 18 24 0 17
ADD 19 21 1 18
ADD 19 23 1 18
ADD 20 22 0 17
ADD 20 24 0 17
ADD 21 23 1 18
ADD 22 24 0 17
# DEL u v ... : the 6 listed vertices are independent in G-uv (uv an edge of G)
DEL 0 1 10 12 14 16
DEL 0 3 9 13 15 19
DEL 0 5 9 11 15 21
DEL 0 7 9 11 13 23
DEL 0 8 2 4 14 23
DEL 0 17 2 4 6 15
DEL 0 18 2 4 6 16
DEL 0 20 4 6 10 16
DEL 0 22 6 10 12 16
DEL 0 24 9 11 13 15
DEL 1 2 11 13 15 17
DEL 1 4 10 14 16 20
DEL 1 6 10 12 16 22
DEL 1 8 10 12 14 24
DEL 1 9 3 5 15 24
DEL 1 18 3 5 7 16
DEL 1 19 3 5 7 17
DEL 1 21 5 7 11 17
DEL 1 23 7 11 13 17
DEL 2 3 12 14 16 18
DEL 2 5 11 15 17 21
DEL 2 7 11 13 17 23
DEL 2 9 0 11 13 15
DEL 2 10 0 4 6 16
DEL 2 19 0 4 6 15
DEL 2 20 4 6 8 18
DEL 2 22 6 8 12 18
DEL 2 24 8 12 14 18
DEL 3 4 13 15 17 19
DEL 3 6 12 16 18 22
DEL 3 8 12 14 18 24
DEL 3 10 1 12 14 16
DEL 3 11 1 5 7 17
DEL 3 20 1 5 7 16
DEL 3 21 5 7 9 19
DEL 3 23 7 9 13 19
DEL 4 5 14 16 18 20
DEL 4 7 13 17 19 23
DEL 4 9 0 13 15 19
DEL 4 11 0 2 13 15
DEL 4 12 0 2 6 16
DEL 4 21 0 2 6 15
DEL 4 22 6 8 10 20
DEL 4 24 8 10 14 20
DEL 5 6 15 17 19 21
DEL 5 8 14 18 20 24
DEL 5 10 1 14 16 20
DEL 5 12 1 3 14 16
DEL 5 13 1 3 7 17
DEL 5 22 1 3 7 16
DEL 5 23 7 9 11 21
DEL 6 7 16 18 20 22
DEL 6 9 0 15 19 21
DEL 6 11 0 2 15 21
DEL 6 13 0 2 4 15
DEL 6 14 0 2 4 16
DEL 6 23 0 2 12 21
DEL 6 24 8 10 12 22
DEL 7 8 17 19 21 23
DEL 7 10 1 16 20 22
DEL 7 12 1 3 16 22
DEL 7 14 1 3 5 16
DEL 7 15 1 3 5 17
DEL 7 24 1 3 13 22
DEL 8 9 18 20 22 24
DEL 8 11 2 17 21 23
DEL 8 13 2 4 17 23
DEL 8 15 2 4 6 17
DEL 8 16 2 4 6 18
DEL 9 10 0 19 21 23
DEL 9 12 3 18 22 24
DEL 9 14 3 5 18 24
DEL 9 16 3 5 7 18
DEL 9 17 3 5 7 19
DEL 10 11 1 20 22 24
DEL 10 13 0 4 19 23
DEL 10 15 0 4 6 19
DEL 10 17 4 6 8 19
DEL 10 18 4 6 8 20
DEL 11 12 0 2 21 23
DEL 11 14 1 5 20 24
DEL 11 16 1 5 7 20
DEL 11 18 5 7 9 20
DEL 11 19 0 9 13 15
DEL 12 13 1 3 22 24
DEL 12 15 0 2 6 21
DEL 12 17 2 6 8 21
DEL 12 19 0 6 10 21
DEL 12 20 1 10 14 16
DEL 13 14 0 2 4 23
DEL 13 16 1 3 7 22
DEL 13 18 3 7 9 22
DEL 13 20 1 7 11 22
DEL 13 21 0 2 11 15
DEL 14 15 1 3 5 24
DEL 14 17 2 4 8 23
DEL 14 19 0 4 10 23
DEL 14 21 0 2 12 23
DEL 14 22 1 3 12 16
DEL 15 16 0 2 4 6
DEL 15 18 3 5 9 24
DEL 15 20 1 5 11 24
DEL 15 22 1 3 13 24
DEL 15 23 0 2 4 13
DEL 16 17 1 3 5 7
DEL 16 19 0 4 6 10
DEL 16 21 0 2 6 12
DEL 16 23 0 2 4 14
DEL 16 24 1 3 5 14
DEL 17 18 2 4 6 8
DEL 17 20 1 5 7 11
DEL 17 22 1 3 7 13
DEL 17 24 1 3 5 15
DEL 18 19 3 5 7 9
DEL 18 21 2 6 8 12
DEL 18 23 2 4 8 14
DEL 19 20 4 6 8 10
DEL 19 22 3 7 9 13
DEL 19 24 3 5 9 15
DEL 20 21 5 7 9 11
DEL 20 23 4 8 10 14
DEL 21 22 6 8 10 12
DEL 21 24 5 9 11 15
DEL 22 23 7 9 11 13
DEL 23 24 8 10 12 14
