0 101 84
1 100 83
2 100 83
3 99 82
4 98 81
5 98 81
6 97 80
7 96 80
8 96 79
9 95 79
10 94 78
11 94 77
12 93 77
13 92 76
14 92 76
15 91 75
16 90 75
17 89 74
18 89 74
19 88 73
20 87 72
21 87 72
22 86 71
23 85 71
24 85 70
25 84 70
26 83 69
27 83 68
28 82 68
29 81 67
30 81 67
31 80 66
32 79 66
33 79 65
34 78 65
35 77 64
36 77 63
37 76 63
38 75 62
39 74 62
40 74 61
41 73 61
42 72 60
43 72 59
44 71 59
45 70 58
46 70 58
47 69 57
48 68 57
49 68 56
50 67 55
51 66 55
52 66 54
53 65 54
54 64 53
55 64 53
56 63 52
57 62 52
58 62 51
59 61 50
60 60 50
61 59 49
62 59 49
63 58 48
64 57 48
65 57 47
66 56 46
67 55 46
68 55 45
69 54 45
70 53 44
71 53 44
72 52 43
73 51 42
74 51 42
75 50 41
76 49 41
77 49 40
78 48 40
79 47 39
80 46 39
81 46 38
82 45 37
83 44 37
84 44 36
85 43 36
86 42 35
87 42 35
88 41 34
89 40 33
90 40 33
91 39 32
92 38 32
93 38 31
94 37 31
95 36 30
96 36 30
97 35 29
98 34 28
99 34 28
100 33 27
101 32 27
102 31 26
103 31 26
104 30 25
105 29 24
106 29 24
107 28 23
108 27 23
109 27 22
110 26 22
111 25 21
112 25 20
113 24 20
114 23 19
115 23 19
116 22 18
117 21 18
118 21 17
119 20 17
120 19 16
121 18 15
122 18 15
123 17 14
124 16 14
125 16 13
126 15 13
127 14 12
128 14 11
129 13 11
130 12 10
131 12 10
132 11 9
133 10 9
134 10 8
135 9 7
136 8 7
137 8 6
138 7 6
139 6 5
140 6 5
141 5 4
142 4 4
143 3 3
144 3 2
145 2 2
146 1 1
147 1 1
148 0 0
