n=15 mode=0 count=0 nodes=80901 time=0.00s
2 1 4 3 6 5 8 7 10 9 12 11 14 13 16 15
3 4 1 2 7 8 5 6 11 12 9 10 15 16 13 14
14 13 16 15 10 9 12 11 6 5 8 7 2 1 4 3
15 16 13 14 11 12 9 10 7 8 5 6 3 4 1 2
n=16 mode=0 count=4 nodes=148604 time=0.00s
n=17 mode=0 count=0 nodes=253417 time=0.01s
2 1 4 3 6 5 8 7 10 9 12 11 14 13 16 15 18 17
17 18 15 16 13 14 11 12 9 10 7 8 5 6 3 4 1 2
n=18 mode=0 count=2 nodes=435596 time=0.01s
n=19 mode=0 count=0 nodes=735649 time=0.02s
2 1 4 3 6 5 8 7 10 9 12 11 14 13 16 15 18 17 20 19
3 4 1 2 7 8 5 6 11 12 9 10 15 16 13 14 19 20 17 18
18 17 20 19 14 13 16 15 10 9 12 11 6 5 8 7 2 1 4 3
19 20 17 18 15 16 13 14 11 12 9 10 7 8 5 6 3 4 1 2
n=20 mode=0 count=4 nodes=1232644 time=0.03s
n=21 mode=0 count=0 nodes=1984493 time=0.05s
2 1 4 3 6 5 8 7 10 9 12 11 14 13 16 15 18 17 20 19 22 21
21 22 19 20 17 18 15 16 13 14 11 12 9 10 7 8 5 6 3 4 1 2
n=22 mode=0 count=2 nodes=3209712 time=0.08s
n=23 mode=0 count=0 nodes=5008017 time=0.13s
2 1 4 3 6 5 8 7 10 9 12 11 14 13 16 15 18 17 20 19 22 21 24 23
3 4 1 2 7 8 5 6 11 12 9 10 15 16 13 14 19 20 17 18 23 24 21 22
22 21 24 23 18 17 20 19 14 13 16 15 10 9 12 11 6 5 8 7 2 1 4 3
23 24 21 22 19 20 17 18 15 16 13 14 11 12 9 10 7 8 5 6 3 4 1 2
n=24 mode=0 count=4 nodes=7894664 time=0.20s
n=25 mode=0 count=0 nodes=12154845 time=0.31s
2 1 4 3 6 5 8 7 10 9 12 11 14 13 16 15 18 17 20 19 22 21 24 23 26 25
25 26 23 24 21 22 19 20 17 18 15 16 13 14 11 12 9 10 7 8 5 6 3 4 1 2
n=26 mode=0 count=2 nodes=19052420 time=0.48s
done
