n=35 mode=0 count=0 nodes=1127759377 time=31.34s
2 1 4 3 6 5 8 7 10 9 12 11 14 13 16 15 18 17 20 19 22 21 24 23 26 25 28 27 30 29 32 31 34 33 36 35
3 4 1 2 7 8 5 6 11 12 9 10 15 16 13 14 19 20 17 18 23 24 21 22 27 28 25 26 31 32 29 30 35 36 33 34
n=36 mode=0 count=4 nodes=1805788644 time=47.82s
n=37 mode=0 count=0 nodes=2776473425 time=73.58s
2 1 4 3 6 5 8 7 10 9 12 11 14 13 16 15 18 17 20 19 22 21 24 23 26 25 28 27 30 29 32 31 34 33 36 35 38 37
37 38 35 36 33 34 31 32 29 30 27 28 25 26 23 24 21 22 19 20 17 18 15 16 13 14 11 12 9 10 7 8 5 6 3 4 1 2
n=38 mode=0 count=2 nodes=4237384372 time=111.32s
Terminated
Terminated
