1 34 3 4 37 6 7 40 9 42 11 44 13 14 31 16 17 50 19 52 21 54 23 24 57 26 27 60 29 30 15 32 33 2 35 36 5 38 39 8 41 10 43 12 45 46 63 48 49 18 51 20 53 22 55 56 25 58 59 28 61 62 47
1 34 3 4 37 6 7 40 9 42 11 44 13 14 31 16 17 50 19 20 53 54 23 24 57 26 27 60 29 30 15 32 33 2 35 36 5 38 39 8 41 10 43 12 45 46 63 48 49 18 51 52 21 22 55 56 25 58 59 28 61 62 47
1 34 3 4 37 6 7 40 9 42 11 44 13 14 31 16 17 50 19 52 21 22 55 24 57 26 27 60 29 30 15 32 33 2 35 36 5 38 39 8 41 10 43 12 45 46 63 48 49 18 51 20 53 54 23 56 25 58 59 28 61 62 47
1 34 3 4 37 6 7 40 9 42 11 44 13 14 31 16 17 50 19 20 53 22 55 24 57 26 27 60 29 30 15 32 33 2 35 36 5 38 39 8 41 10 43 12 45 46 63 48 49 18 51 52 21 54 23 56 25 58 59 28 61 62 47
1 34 3 4 37 6 7 40 41 10 11 44 13 14 31 16 17 50 19 52 21 54 23 24 57 26 27 60 29 30 15 32 33 2 35 36 5 38 39 8 9 42 43 12 45 46 63 48 49 18 51 20 53 22 55 56 25 58 59 28 61 62 47
1 34 3 4 37 6 7 40 41 10 11 44 13 14 31 16 17 50 19 20 53 54 23 24 57 26 27 60 29 30 15 32 33 2 35 36 5 38 39 8 9 42 43 12 45 46 63 48 49 18 51 52 21 22 55 56 25 58 59 28 61 62 47
1 34 3 4 37 6 7 40 41 10 11 44 13 14 31 16 17 50 19 52 21 22 55 24 57 26 27 60 29 30 15 32 33 2 35 36 5 38 39 8 9 42 43 12 45 46 63 48 49 18 51 20 53 54 23 56 25 58 59 28 61 62 47
1 34 3 4 37 6 7 40 41 10 11 44 13 14 31 16 17 50 19 20 53 22 55 24 57 26 27 60 29 30 15 32 33 2 35 36 5 38 39 8 9 42 43 12 45 46 63 48 49 18 51 52 21 54 23 56 25 58 59 28 61 62 47
1 34 3 4 37 6 7 40 9 42 11 44 13 14 31 16 17 50 19 20 53 22 23 56 57 26 27 60 29 30 15 32 33 2 35 36 5 38 39 8 41 10 43 12 45 46 63 48 49 18 51 52 21 54 55 24 25 58 59 28 61 62 47
1 34 3 4 37 6 7 40 41 10 11 44 13 14 31 16 17 50 19 20 53 22 23 56 57 26 27 60 29 30 15 32 33 2 35 36 5 38 39 8 9 42 43 12 45 46 63 48 49 18 51 52 21 54 55 24 25 58 59 28 61 62 47
1 34 3 4 37 6 39 8 9 42 11 44 13 14 31 16 17 50 19 52 21 54 23 24 57 26 27 60 29 30 15 32 33 2 35 36 5 38 7 40 41 10 43 12 45 46 63 48 49 18 51 20 53 22 55 56 25 58 59 28 61 62 47
1 34 3 4 37 6 39 8 9 42 11 44 13 14 31 16 17 50 19 20 53 54 23 24 57 26 27 60 29 30 15 32 33 2 35 36 5 38 7 40 41 10 43 12 45 46 63 48 49 18 51 52 21 22 55 56 25 58 59 28 61 62 47
1 34 3 4 37 6 39 8 9 42 11 44 13 14 31 16 17 50 19 52 21 22 55 24 57 26 27 60 29 30 15 32 33 2 35 36 5 38 7 40 41 10 43 12 45 46 63 48 49 18 51 20 53 54 23 56 25 58 59 28 61 62 47
1 34 3 4 37 6 39 8 9 42 11 44 13 14 31 16 17 50 19 20 53 22 55 24 57 26 27 60 29 30 15 32 33 2 35 36 5 38 7 40 41 10 43 12 45 46 63 48 49 18 51 52 21 54 23 56 25 58 59 28 61 62 47
1 34 3 4 37 6 39 8 41 10 11 44 13 14 31 16 17 50 19 52 21 54 23 24 57 26 27 60 29 30 15 32 33 2 35 36 5 38 7 40 9 42 43 12 45 46 63 48 49 18 51 20 53 22 55 56 25 58 59 28 61 62 47
1 34 3 4 37 6 39 8 41 10 11 44 13 14 31 16 17 50 19 20 53 54 23 24 57 26 27 60 29 30 15 32 33 2 35 36 5 38 7 40 9 42 43 12 45 46 63 48 49 18 51 52 21 22 55 56 25 58 59 28 61 62 47
1 34 3 4 37 6 39 8 41 10 11 44 13 14 31 16 17 50 19 52 21 22 55 24 57 26 27 60 29 30 15 32 33 2 35 36 5 38 7 40 9 42 43 12 45 46 63 48 49 18 51 20 53 54 23 56 25 58 59 28 61 62 47
1 34 3 4 37 6 39 8 41 10 11 44 13 14 31 16 17 50 19 20 53 22 55 24 57 26 27 60 29 30 15 32 33 2 35 36 5 38 7 40 9 42 43 12 45 46 63 48 49 18 51 52 21 54 23 56 25 58 59 28 61 62 47
1 34 3 4 37 6 39 8 9 42 11 44 13 14 31 16 17 50 19 20 53 22 23 56 57 26 27 60 29 30 15 32 33 2 35 36 5 38 7 40 41 10 43 12 45 46 63 48 49 18 51 52 21 54 55 24 25 58 59 28 61 62 47
1 34 3 4 37 6 39 8 41 10 11 44 13 14 31 16 17 50 19 20 53 22 23 56 57 26 27 60 29 30 15 32 33 2 35 36 5 38 7 40 9 42 43 12 45 46 63 48 49 18 51 52 21 54 55 24 25 58 59 28 61 62 47
1 34 3 4 37 6 7 40 9 42 11 44 13 14 31 16 17 50 19 52 21 22 55 24 25 58 27 60 29 30 15 32 33 2 35 36 5 38 39 8 41 10 43 12 45 46 63 48 49 18 51 20 53 54 23 56 57 26 59 28 61 62 47
1 34 3 4 37 6 7 40 9 42 11 44 13 14 31 16 17 50 19 20 53 22 55 24 25 58 27 60 29 30 15 32 33 2 35 36 5 38 39 8 41 10 43 12 45 46 63 48 49 18 51 52 21 54 23 56 57 26 59 28 61 62 47
1 34 3 4 37 6 7 40 41 10 11 44 13 14 31 16 17 50 19 52 21 22 55 24 25 58 27 60 29 30 15 32 33 2 35 36 5 38 39 8 9 42 43 12 45 46 63 48 49 18 51 20 53 54 23 56 57 26 59 28 61 62 47
1 34 3 4 37 6 7 40 41 10 11 44 13 14 31 16 17 50 19 20 53 22 55 24 25 58 27 60 29 30 15 32 33 2 35 36 5 38 39 8 9 42 43 12 45 46 63 48 49 18 51 52 21 54 23 56 57 26 59 28 61 62 47
1 34 3 4 37 6 7 40 9 42 11 44 13 14 31 16 17 50 19 20 53 22 23 56 25 58 27 60 29 30 15 32 33 2 35 36 5 38 39 8 41 10 43 12 45 46 63 48 49 18 51 52 21 54 55 24 57 26 59 28 61 62 47
1 34 3 4 37 6 7 40 41 10 11 44 13 14 31 16 17 50 19 20 53 22 23 56 25 58 27 60 29 30 15 32 33 2 35 36 5 38 39 8 9 42 43 12 45 46 63 48 49 18 51 52 21 54 55 24 57 26 59 28 61 62 47
1 34 3 4 37 6 39 8 9 42 11 44 13 14 31 16 17 50 19 52 21 22 55 24 25 58 27 60 29 30 15 32 33 2 35 36 5 38 7 40 41 10 43 12 45 46 63 48 49 18 51 20 53 54 23 56 57 26 59 28 61 62 47
1 34 3 4 37 6 39 8 9 42 11 44 13 14 31 16 17 50 19 20 53 22 55 24 25 58 27 60 29 30 15 32 33 2 35 36 5 38 7 40 41 10 43 12 45 46 63 48 49 18 51 52 21 54 23 56 57 26 59 28 61 62 47
1 34 3 4 37 6 39 8 41 10 11 44 13 14 31 16 17 50 19 52 21 22 55 24 25 58 27 60 29 30 15 32 33 2 35 36 5 38 7 40 9 42 43 12 45 46 63 48 49 18 51 20 53 54 23 56 57 26 59 28 61 62 47
1 34 3 4 37 6 39 8 41 10 11 44 13 14 31 16 17 50 19 20 53 22 55 24 25 58 27 60 29 30 15 32 33 2 35 36 5 38 7 40 9 42 43 12 45 46 63 48 49 18 51 52 21 54 23 56 57 26 59 28 61 62 47
1 34 3 4 37 6 39 8 9 42 11 44 13 14 31 16 17 50 19 20 53 22 23 56 25 58 27 60 29 30 15 32 33 2 35 36 5 38 7 40 41 10 43 12 45 46 63 48 49 18 51 52 21 54 55 24 57 26 59 28 61 62 47
1 34 3 4 37 6 39 8 41 10 11 44 13 14 31 16 17 50 19 20 53 22 23 56 25 58 27 60 29 30 15 32 33 2 35 36 5 38 7 40 9 42 43 12 45 46 63 48 49 18 51 52 21 54 55 24 57 26 59 28 61 62 47
1 34 3 4 37 38 7 8 41 10 11 44 13 14 31 16 17 50 19 52 21 54 23 24 57 26 27 60 29 30 15 32 33 2 35 36 5 6 39 40 9 42 43 12 45 46 63 48 49 18 51 20 53 22 55 56 25 58 59 28 61 62 47
1 34 3 4 37 38 7 8 41 10 11 44 13 14 31 16 17 50 19 20 53 54 23 24 57 26 27 60 29 30 15 32 33 2 35 36 5 6 39 40 9 42 43 12 45 46 63 48 49 18 51 52 21 22 55 56 25 58 59 28 61 62 47
1 34 3 4 37 38 7 8 41 10 11 44 13 14 31 16 17 50 19 52 21 22 55 24 57 26 27 60 29 30 15 32 33 2 35 36 5 6 39 40 9 42 43 12 45 46 63 48 49 18 51 20 53 54 23 56 25 58 59 28 61 62 47
1 34 3 4 37 38 7 8 41 10 11 44 13 14 31 16 17 50 19 20 53 22 55 24 57 26 27 60 29 30 15 32 33 2 35 36 5 6 39 40 9 42 43 12 45 46 63 48 49 18 51 52 21 54 23 56 25 58 59 28 61 62 47
1 34 3 4 37 38 7 8 41 10 11 44 13 14 31 16 17 50 19 20 53 22 23 56 57 26 27 60 29 30 15 32 33 2 35 36 5 6 39 40 9 42 43 12 45 46 63 48 49 18 51 52 21 54 55 24 25 58 59 28 61 62 47
1 34 3 4 37 38 7 8 41 10 11 44 13 14 31 16 17 50 19 52 21 22 55 24 25 58 27 60 29 30 15 32 33 2 35 36 5 6 39 40 9 42 43 12 45 46 63 48 49 18 51 20 53 54 23 56 57 26 59 28 61 62 47
1 34 3 4 37 38 7 8 41 10 11 44 13 14 31 16 17 50 19 20 53 22 55 24 25 58 27 60 29 30 15 32 33 2 35 36 5 6 39 40 9 42 43 12 45 46 63 48 49 18 51 52 21 54 23 56 57 26 59 28 61 62 47
1 34 3 4 37 38 7 8 41 10 11 44 13 14 31 16 17 50 19 20 53 22 23 56 25 58 27 60 29 30 15 32 33 2 35 36 5 6 39 40 9 42 43 12 45 46 63 48 49 18 51 52 21 54 55 24 57 26 59 28 61 62 47
1 34 3 36 5 6 39 8 9 42 11 44 13 14 31 16 17 50 19 52 21 54 23 24 57 26 27 60 29 30 15 32 33 2 35 4 37 38 7 40 41 10 43 12 45 46 63 48 49 18 51 20 53 22 55 56 25 58 59 28 61 62 47
1 34 3 36 5 6 39 8 9 42 11 44 13 14 31 16 17 50 19 20 53 54 23 24 57 26 27 60 29 30 15 32 33 2 35 4 37 38 7 40 41 10 43 12 45 46 63 48 49 18 51 52 21 22 55 56 25 58 59 28 61 62 47
1 34 3 36 5 6 39 8 9 42 11 44 13 14 31 16 17 50 19 52 21 22 55 24 57 26 27 60 29 30 15 32 33 2 35 4 37 38 7 40 41 10 43 12 45 46 63 48 49 18 51 20 53 54 23 56 25 58 59 28 61 62 47
1 34 3 36 5 6 39 8 9 42 11 44 13 14 31 16 17 50 19 20 53 22 55 24 57 26 27 60 29 30 15 32 33 2 35 4 37 38 7 40 41 10 43 12 45 46 63 48 49 18 51 52 21 54 23 56 25 58 59 28 61 62 47
1 34 3 36 5 6 39 8 41 10 11 44 13 14 31 16 17 50 19 52 21 54 23 24 57 26 27 60 29 30 15 32 33 2 35 4 37 38 7 40 9 42 43 12 45 46 63 48 49 18 51 20 53 22 55 56 25 58 59 28 61 62 47
1 34 3 36 5 6 39 8 41 10 11 44 13 14 31 16 17 50 19 20 53 54 23 24 57 26 27 60 29 30 15 32 33 2 35 4 37 38 7 40 9 42 43 12 45 46 63 48 49 18 51 52 21 22 55 56 25 58 59 28 61 62 47
1 34 3 36 5 6 39 8 41 10 11 44 13 14 31 16 17 50 19 52 21 22 55 24 57 26 27 60 29 30 15 32 33 2 35 4 37 38 7 40 9 42 43 12 45 46 63 48 49 18 51 20 53 54 23 56 25 58 59 28 61 62 47
1 34 3 36 5 6 39 8 41 10 11 44 13 14 31 16 17 50 19 20 53 22 55 24 57 26 27 60 29 30 15 32 33 2 35 4 37 38 7 40 9 42 43 12 45 46 63 48 49 18 51 52 21 54 23 56 25 58 59 28 61 62 47
1 34 3 36 5 6 39 8 9 42 11 44 13 14 31 16 17 50 19 20 53 22 23 56 57 26 27 60 29 30 15 32 33 2 35 4 37 38 7 40 41 10 43 12 45 46 63 48 49 18 51 52 21 54 55 24 25 58 59 28 61 62 47
1 34 3 36 5 6 39 8 41 10 11 44 13 14 31 16 17 50 19 20 53 22 23 56 57 26 27 60 29 30 15 32 33 2 35 4 37 38 7 40 9 42 43 12 45 46 63 48 49 18 51 52 21 54 55 24 25 58 59 28 61 62 47
1 34 3 36 5 6 39 8 9 42 11 44 13 14 31 16 17 50 19 52 21 22 55 24 25 58 27 60 29 30 15 32 33 2 35 4 37 38 7 40 41 10 43 12 45 46 63 48 49 18 51 20 53 54 23 56 57 26 59 28 61 62 47
1 34 3 36 5 6 39 8 9 42 11 44 13 14 31 16 17 50 19 20 53 22 55 24 25 58 27 60 29 30 15 32 33 2 35 4 37 38 7 40 41 10 43 12 45 46 63 48 49 18 51 52 21 54 23 56 57 26 59 28 61 62 47
1 34 3 36 5 6 39 8 41 10 11 44 13 14 31 16 17 50 19 52 21 22 55 24 25 58 27 60 29 30 15 32 33 2 35 4 37 38 7 40 9 42 43 12 45 46 63 48 49 18 51 20 53 54 23 56 57 26 59 28 61 62 47
1 34 3 36 5 6 39 8 41 10 11 44 13 14 31 16 17 50 19 20 53 22 55 24 25 58 27 60 29 30 15 32 33 2 35 4 37 38 7 40 9 42 43 12 45 46 63 48 49 18 51 52 21 54 23 56 57 26 59 28 61 62 47
1 34 3 36 5 6 39 8 9 42 11 44 13 14 31 16 17 50 19 20 53 22 23 56 25 58 27 60 29 30 15 32 33 2 35 4 37 38 7 40 41 10 43 12 45 46 63 48 49 18 51 52 21 54 55 24 57 26 59 28 61 62 47
1 34 3 36 5 6 39 8 41 10 11 44 13 14 31 16 17 50 19 20 53 22 23 56 25 58 27 60 29 30 15 32 33 2 35 4 37 38 7 40 9 42 43 12 45 46 63 48 49 18 51 52 21 54 55 24 57 26 59 28 61 62 47
1 34 3 36 5 38 7 8 41 10 11 44 13 14 31 16 17 50 19 52 21 54 23 24 57 26 27 60 29 30 15 32 33 2 35 4 37 6 39 40 9 42 43 12 45 46 63 48 49 18 51 20 53 22 55 56 25 58 59 28 61 62 47
1 34 3 36 5 38 7 8 41 10 11 44 13 14 31 16 17 50 19 20 53 54 23 24 57 26 27 60 29 30 15 32 33 2 35 4 37 6 39 40 9 42 43 12 45 46 63 48 49 18 51 52 21 22 55 56 25 58 59 28 61 62 47
1 34 3 36 5 38 7 8 41 10 11 44 13 14 31 16 17 50 19 52 21 22 55 24 57 26 27 60 29 30 15 32 33 2 35 4 37 6 39 40 9 42 43 12 45 46 63 48 49 18 51 20 53 54 23 56 25 58 59 28 61 62 47
1 34 3 36 5 38 7 8 41 10 11 44 13 14 31 16 17 50 19 20 53 22 55 24 57 26 27 60 29 30 15 32 33 2 35 4 37 6 39 40 9 42 43 12 45 46 63 48 49 18 51 52 21 54 23 56 25 58 59 28 61 62 47
1 34 3 36 5 38 7 8 41 10 11 44 13 14 31 16 17 50 19 20 53 22 23 56 57 26 27 60 29 30 15 32 33 2 35 4 37 6 39 40 9 42 43 12 45 46 63 48 49 18 51 52 21 54 55 24 25 58 59 28 61 62 47
1 34 3 36 5 38 7 8 41 10 11 44 13 14 31 16 17 50 19 52 21 22 55 24 25 58 27 60 29 30 15 32 33 2 35 4 37 6 39 40 9 42 43 12 45 46 63 48 49 18 51 20 53 54 23 56 57 26 59 28 61 62 47
1 34 3 36 5 38 7 8 41 10 11 44 13 14 31 16 17 50 19 20 53 22 55 24 25 58 27 60 29 30 15 32 33 2 35 4 37 6 39 40 9 42 43 12 45 46 63 48 49 18 51 52 21 54 23 56 57 26 59 28 61 62 47
1 34 3 36 5 38 7 8 41 10 11 44 13 14 31 16 17 50 19 20 53 22 23 56 25 58 27 60 29 30 15 32 33 2 35 4 37 6 39 40 9 42 43 12 45 46 63 48 49 18 51 52 21 54 55 24 57 26 59 28 61 62 47
1 34 3 36 5 38 7 40 9 42 11 44 13 14 31 16 17 50 19 52 21 54 23 56 25 58 27 60 29 30 15 32 33 2 35 4 37 6 39 8 41 10 43 12 45 46 63 48 49 18 51 20 53 22 55 24 57 26 59 28 61 62 47
1 18 3 4 37 6 7 40 9 10 43 12 45 14 47 16 17 2 19 20 53 22 55 24 57 26 27 60 29 30 63 32 33 50 35 36 5 38 39 8 41 42 11 44 13 46 15 48 49 34 51 52 21 54 23 56 25 58 59 28 61 62 31
1 18 3 4 37 6 7 40 9 10 43 44 13 14 47 16 17 2 19 20 53 22 55 24 57 26 27 60 29 30 63 32 33 50 35 36 5 38 39 8 41 42 11 12 45 46 15 48 49 34 51 52 21 54 23 56 25 58 59 28 61 62 31
1 18 3 4 37 6 7 40 9 42 11 12 45 14 47 16 17 2 19 20 53 22 55 24 57 26 27 60 29 30 63 32 33 50 35 36 5 38 39 8 41 10 43 44 13 46 15 48 49 34 51 52 21 54 23 56 25 58 59 28 61 62 31
1 18 3 4 37 6 7 40 9 42 11 44 13 14 47 16 17 2 19 20 53 22 55 24 57 26 27 60 29 30 63 32 33 50 35 36 5 38 39 8 41 10 43 12 45 46 15 48 49 34 51 52 21 54 23 56 25 58 59 28 61 62 31
1 18 3 4 37 6 7 40 41 10 11 44 13 14 47 16 17 2 19 20 53 22 55 24 57 26 27 60 29 30 63 32 33 50 35 36 5 38 39 8 9 42 43 12 45 46 15 48 49 34 51 52 21 54 23 56 25 58 59 28 61 62 31
1 18 3 4 37 6 7 40 9 10 43 12 45 14 47 16 17 2 19 20 53 22 23 56 57 26 27 60 29 30 63 32 33 50 35 36 5 38 39 8 41 42 11 44 13 46 15 48 49 34 51 52 21 54 55 24 25 58 59 28 61 62 31
1 18 3 4 37 6 7 40 9 10 43 44 13 14 47 16 17 2 19 20 53 22 23 56 57 26 27 60 29 30 63 32 33 50 35 36 5 38 39 8 41 42 11 12 45 46 15 48 49 34 51 52 21 54 55 24 25 58 59 28 61 62 31
1 18 3 4 37 6 7 40 9 42 11 12 45 14 47 16 17 2 19 20 53 22 23 56 57 26 27 60 29 30 63 32 33 50 35 36 5 38 39 8 41 10 43 44 13 46 15 48 49 34 51 52 21 54 55 24 25 58 59 28 61 62 31
1 18 3 4 37 6 7 40 9 42 11 44 13 14 47 16 17 2 19 20 53 22 23 56 57 26 27 60 29 30 63 32 33 50 35 36 5 38 39 8 41 10 43 12 45 46 15 48 49 34 51 52 21 54 55 24 25 58 59 28 61 62 31
1 18 3 4 37 6 7 40 41 10 11 44 13 14 47 16 17 2 19 20 53 22 23 56 57 26 27 60 29 30 63 32 33 50 35 36 5 38 39 8 9 42 43 12 45 46 15 48 49 34 51 52 21 54 55 24 25 58 59 28 61 62 31
1 18 3 4 37 6 39 8 9 42 11 12 45 14 47 16 17 2 19 20 53 22 55 24 57 26 27 60 29 30 63 32 33 50 35 36 5 38 7 40 41 10 43 44 13 46 15 48 49 34 51 52 21 54 23 56 25 58 59 28 61 62 31
1 18 3 4 37 6 39 8 9 42 11 44 13 14 47 16 17 2 19 20 53 22 55 24 57 26 27 60 29 30 63 32 33 50 35 36 5 38 7 40 41 10 43 12 45 46 15 48 49 34 51 52 21 54 23 56 25 58 59 28 61 62 31
1 18 3 4 37 6 39 8 41 10 11 44 13 14 47 16 17 2 19 20 53 22 55 24 57 26 27 60 29 30 63 32 33 50 35 36 5 38 7 40 9 42 43 12 45 46 15 48 49 34 51 52 21 54 23 56 25 58 59 28 61 62 31
1 18 3 4 37 6 39 8 9 42 11 12 45 14 47 16 17 2 19 20 53 22 23 56 57 26 27 60 29 30 63 32 33 50 35 36 5 38 7 40 41 10 43 44 13 46 15 48 49 34 51 52 21 54 55 24 25 58 59 28 61 62 31
1 18 3 4 37 6 39 8 9 42 11 44 13 14 47 16 17 2 19 20 53 22 23 56 57 26 27 60 29 30 63 32 33 50 35 36 5 38 7 40 41 10 43 12 45 46 15 48 49 34 51 52 21 54 55 24 25 58 59 28 61 62 31
1 18 3 4 37 6 39 8 41 10 11 44 13 14 47 16 17 2 19 20 53 22 23 56 57 26 27 60 29 30 63 32 33 50 35 36 5 38 7 40 9 42 43 12 45 46 15 48 49 34 51 52 21 54 55 24 25 58 59 28 61 62 31
1 18 3 4 37 6 7 40 9 10 43 12 45 14 47 16 17 2 19 20 53 22 55 24 25 58 27 60 29 30 63 32 33 50 35 36 5 38 39 8 41 42 11 44 13 46 15 48 49 34 51 52 21 54 23 56 57 26 59 28 61 62 31
1 18 3 4 37 6 7 40 9 10 43 44 13 14 47 16 17 2 19 20 53 22 55 24 25 58 27 60 29 30 63 32 33 50 35 36 5 38 39 8 41 42 11 12 45 46 15 48 49 34 51 52 21 54 23 56 57 26 59 28 61 62 31
1 18 3 4 37 6 7 40 9 42 11 12 45 14 47 16 17 2 19 20 53 22 55 24 25 58 27 60 29 30 63 32 33 50 35 36 5 38 39 8 41 10 43 44 13 46 15 48 49 34 51 52 21 54 23 56 57 26 59 28 61 62 31
1 18 3 4 37 6 7 40 9 42 11 44 13 14 47 16 17 2 19 20 53 22 55 24 25 58 27 60 29 30 63 32 33 50 35 36 5 38 39 8 41 10 43 12 45 46 15 48 49 34 51 52 21 54 23 56 57 26 59 28 61 62 31
1 18 3 4 37 6 7 40 41 10 11 44 13 14 47 16 17 2 19 20 53 22 55 24 25 58 27 60 29 30 63 32 33 50 35 36 5 38 39 8 9 42 43 12 45 46 15 48 49 34 51 52 21 54 23 56 57 26 59 28 61 62 31
1 18 3 4 37 6 7 40 9 10 43 12 45 14 47 16 17 2 19 20 53 22 23 56 25 58 27 60 29 30 63 32 33 50 35 36 5 38 39 8 41 42 11 44 13 46 15 48 49 34 51 52 21 54 55 24 57 26 59 28 61 62 31
1 18 3 4 37 6 7 40 9 10 43 44 13 14 47 16 17 2 19 20 53 22 23 56 25 58 27 60 29 30 63 32 33 50 35 36 5 38 39 8 41 42 11 12 45 46 15 48 49 34 51 52 21 54 55 24 57 26 59 28 61 62 31
1 18 3 4 37 6 7 40 9 42 11 12 45 14 47 16 17 2 19 20 53 22 23 56 25 58 27 60 29 30 63 32 33 50 35 36 5 38 39 8 41 10 43 44 13 46 15 48 49 34 51 52 21 54 55 24 57 26 59 28 61 62 31
1 18 3 4 37 6 7 40 9 42 11 44 13 14 47 16 17 2 19 20 53 22 23 56 25 58 27 60 29 30 63 32 33 50 35 36 5 38 39 8 41 10 43 12 45 46 15 48 49 34 51 52 21 54 55 24 57 26 59 28 61 62 31
1 18 3 4 37 6 7 40 41 10 11 44 13 14 47 16 17 2 19 20 53 22 23 56 25 58 27 60 29 30 63 32 33 50 35 36 5 38 39 8 9 42 43 12 45 46 15 48 49 34 51 52 21 54 55 24 57 26 59 28 61 62 31
1 18 3 4 37 6 39 8 9 42 11 12 45 14 47 16 17 2 19 20 53 22 55 24 25 58 27 60 29 30 63 32 33 50 35 36 5 38 7 40 41 10 43 44 13 46 15 48 49 34 51 52 21 54 23 56 57 26 59 28 61 62 31
1 18 3 4 37 6 39 8 9 42 11 44 13 14 47 16 17 2 19 20 53 22 55 24 25 58 27 60 29 30 63 32 33 50 35 36 5 38 7 40 41 10 43 12 45 46 15 48 49 34 51 52 21 54 23 56 57 26 59 28 61 62 31
1 18 3 4 37 6 39 8 41 10 11 44 13 14 47 16 17 2 19 20 53 22 55 24 25 58 27 60 29 30 63 32 33 50 35 36 5 38 7 40 9 42 43 12 45 46 15 48 49 34 51 52 21 54 23 56 57 26 59 28 61 62 31
1 18 3 4 37 6 39 8 9 42 11 12 45 14 47 16 17 2 19 20 53 22 23 56 25 58 27 60 29 30 63 32 33 50 35 36 5 38 7 40 41 10 43 44 13 46 15 48 49 34 51 52 21 54 55 24 57 26 59 28 61 62 31
1 18 3 4 37 6 39 8 9 42 11 44 13 14 47 16 17 2 19 20 53 22 23 56 25 58 27 60 29 30 63 32 33 50 35 36 5 38 7 40 41 10 43 12 45 46 15 48 49 34 51 52 21 54 55 24 57 26 59 28 61 62 31
1 18 3 4 37 6 39 8 41 10 11 44 13 14 47 16 17 2 19 20 53 22 23 56 25 58 27 60 29 30 63 32 33 50 35 36 5 38 7 40 9 42 43 12 45 46 15 48 49 34 51 52 21 54 55 24 57 26 59 28 61 62 31
1 18 3 4 37 6 7 40 9 10 43 12 45 14 47 16 17 2 19 20 53 22 23 56 25 26 59 60 29 30 63 32 33 50 35 36 5 38 39 8 41 42 11 44 13 46 15 48 49 34 51 52 21 54 55 24 57 58 27 28 61 62 31
1 18 3 4 37 6 7 40 9 10 43 44 13 14 47 16 17 2 19 20 53 22 23 56 25 26 59 60 29 30 63 32 33 50 35 36 5 38 39 8 41 42 11 12 45 46 15 48 49 34 51 52 21 54 55 24 57 58 27 28 61 62 31
1 18 3 4 37 6 7 40 9 42 11 12 45 14 47 16 17 2 19 20 53 22 23 56 25 26 59 60 29 30 63 32 33 50 35 36 5 38 39 8 41 10 43 44 13 46 15 48 49 34 51 52 21 54 55 24 57 58 27 28 61 62 31
1 18 3 4 37 6 7 40 9 42 11 44 13 14 47 16 17 2 19 20 53 22 23 56 25 26 59 60 29 30 63 32 33 50 35 36 5 38 39 8 41 10 43 12 45 46 15 48 49 34 51 52 21 54 55 24 57 58 27 28 61 62 31
1 18 3 4 37 6 7 40 41 10 11 44 13 14 47 16 17 2 19 20 53 22 23 56 25 26 59 60 29 30 63 32 33 50 35 36 5 38 39 8 9 42 43 12 45 46 15 48 49 34 51 52 21 54 55 24 57 58 27 28 61 62 31
1 18 3 4 37 6 39 8 9 42 11 12 45 14 47 16 17 2 19 20 53 22 23 56 25 26 59 60 29 30 63 32 33 50 35 36 5 38 7 40 41 10 43 44 13 46 15 48 49 34 51 52 21 54 55 24 57 58 27 28 61 62 31
1 18 3 4 37 6 39 8 9 42 11 44 13 14 47 16 17 2 19 20 53 22 23 56 25 26 59 60 29 30 63 32 33 50 35 36 5 38 7 40 41 10 43 12 45 46 15 48 49 34 51 52 21 54 55 24 57 58 27 28 61 62 31
1 18 3 4 37 6 39 8 41 10 11 44 13 14 47 16 17 2 19 20 53 22 23 56 25 26 59 60 29 30 63 32 33 50 35 36 5 38 7 40 9 42 43 12 45 46 15 48 49 34 51 52 21 54 55 24 57 58 27 28 61 62 31
1 18 3 4 37 6 7 40 9 10 43 12 45 14 47 16 17 2 19 20 53 22 55 24 25 58 27 28 61 30 63 32 33 50 35 36 5 38 39 8 41 42 11 44 13 46 15 48 49 34 51 52 21 54 23 56 57 26 59 60 29 62 31
1 18 3 4 37 6 7 40 9 10 43 44 13 14 47 16 17 2 19 20 53 22 55 24 25 58 27 28 61 30 63 32 33 50 35 36 5 38 39 8 41 42 11 12 45 46 15 48 49 34 51 52 21 54 23 56 57 26 59 60 29 62 31
1 18 3 4 37 6 7 40 9 42 11 12 45 14 47 16 17 2 19 20 53 22 55 24 25 58 27 28 61 30 63 32 33 50 35 36 5 38 39 8 41 10 43 44 13 46 15 48 49 34 51 52 21 54 23 56 57 26 59 60 29 62 31
1 18 3 4 37 6 7 40 9 42 11 44 13 14 47 16 17 2 19 20 53 22 55 24 25 58 27 28 61 30 63 32 33 50 35 36 5 38 39 8 41 10 43 12 45 46 15 48 49 34 51 52 21 54 23 56 57 26 59 60 29 62 31
1 18 3 4 37 6 7 40 41 10 11 44 13 14 47 16 17 2 19 20 53 22 55 24 25 58 27 28 61 30 63 32 33 50 35 36 5 38 39 8 9 42 43 12 45 46 15 48 49 34 51 52 21 54 23 56 57 26 59 60 29 62 31
1 18 3 4 37 6 7 40 9 10 43 12 45 14 47 16 17 2 19 20 53 22 23 56 25 58 27 28 61 30 63 32 33 50 35 36 5 38 39 8 41 42 11 44 13 46 15 48 49 34 51 52 21 54 55 24 57 26 59 60 29 62 31
1 18 3 4 37 6 7 40 9 10 43 44 13 14 47 16 17 2 19 20 53 22 23 56 25 58 27 28 61 30 63 32 33 50 35 36 5 38 39 8 41 42 11 12 45 46 15 48 49 34 51 52 21 54 55 24 57 26 59 60 29 62 31
1 18 3 4 37 6 7 40 9 42 11 12 45 14 47 16 17 2 19 20 53 22 23 56 25 58 27 28 61 30 63 32 33 50 35 36 5 38 39 8 41 10 43 44 13 46 15 48 49 34 51 52 21 54 55 24 57 26 59 60 29 62 31
1 18 3 4 37 6 7 40 9 42 11 44 13 14 47 16 17 2 19 20 53 22 23 56 25 58 27 28 61 30 63 32 33 50 35 36 5 38 39 8 41 10 43 12 45 46 15 48 49 34 51 52 21 54 55 24 57 26 59 60 29 62 31
1 18 3 4 37 6 7 40 41 10 11 44 13 14 47 16 17 2 19 20 53 22 23 56 25 58 27 28 61 30 63 32 33 50 35 36 5 38 39 8 9 42 43 12 45 46 15 48 49 34 51 52 21 54 55 24 57 26 59 60 29 62 31
1 18 3 4 37 6 39 8 9 42 11 12 45 14 47 16 17 2 19 20 53 22 55 24 25 58 27 28 61 30 63 32 33 50 35 36 5 38 7 40 41 10 43 44 13 46 15 48 49 34 51 52 21 54 23 56 57 26 59 60 29 62 31
1 18 3 4 37 6 39 8 9 42 11 44 13 14 47 16 17 2 19 20 53 22 55 24 25 58 27 28 61 30 63 32 33 50 35 36 5 38 7 40 41 10 43 12 45 46 15 48 49 34 51 52 21 54 23 56 57 26 59 60 29 62 31
1 18 3 4 37 6 39 8 41 10 11 44 13 14 47 16 17 2 19 20 53 22 55 24 25 58 27 28 61 30 63 32 33 50 35 36 5 38 7 40 9 42 43 12 45 46 15 48 49 34 51 52 21 54 23 56 57 26 59 60 29 62 31
1 18 3 4 37 6 39 8 9 42 11 12 45 14 47 16 17 2 19 20 53 22 23 56 25 58 27 28 61 30 63 32 33 50 35 36 5 38 7 40 41 10 43 44 13 46 15 48 49 34 51 52 21 54 55 24 57 26 59 60 29 62 31
1 18 3 4 37 6 39 8 9 42 11 44 13 14 47 16 17 2 19 20 53 22 23 56 25 58 27 28 61 30 63 32 33 50 35 36 5 38 7 40 41 10 43 12 45 46 15 48 49 34 51 52 21 54 55 24 57 26 59 60 29 62 31
1 18 3 4 37 6 39 8 41 10 11 44 13 14 47 16 17 2 19 20 53 22 23 56 25 58 27 28 61 30 63 32 33 50 35 36 5 38 7 40 9 42 43 12 45 46 15 48 49 34 51 52 21 54 55 24 57 26 59 60 29 62 31
1 18 3 4 37 6 7 40 9 10 43 12 45 14 47 16 17 2 19 20 53 22 23 56 25 26 59 28 61 30 63 32 33 50 35 36 5 38 39 8 41 42 11 44 13 46 15 48 49 34 51 52 21 54 55 24 57 58 27 60 29 62 31
1 18 3 4 37 6 7 40 9 10 43 44 13 14 47 16 17 2 19 20 53 22 23 56 25 26 59 28 61 30 63 32 33 50 35 36 5 38 39 8 41 42 11 12 45 46 15 48 49 34 51 52 21 54 55 24 57 58 27 60 29 62 31
1 18 3 4 37 6 7 40 9 42 11 12 45 14 47 16 17 2 19 20 53 22 23 56 25 26 59 28 61 30 63 32 33 50 35 36 5 38 39 8 41 10 43 44 13 46 15 48 49 34 51 52 21 54 55 24 57 58 27 60 29 62 31
1 18 3 4 37 6 7 40 9 42 11 44 13 14 47 16 17 2 19 20 53 22 23 56 25 26 59 28 61 30 63 32 33 50 35 36 5 38 39 8 41 10 43 12 45 46 15 48 49 34 51 52 21 54 55 24 57 58 27 60 29 62 31
1 18 3 4 37 6 7 40 41 10 11 44 13 14 47 16 17 2 19 20 53 22 23 56 25 26 59 28 61 30 63 32 33 50 35 36 5 38 39 8 9 42 43 12 45 46 15 48 49 34 51 52 21 54 55 24 57 58 27 60 29 62 31
1 18 3 4 37 6 39 8 9 42 11 12 45 14 47 16 17 2 19 20 53 22 23 56 25 26 59 28 61 30 63 32 33 50 35 36 5 38 7 40 41 10 43 44 13 46 15 48 49 34 51 52 21 54 55 24 57 58 27 60 29 62 31
1 18 3 4 37 6 39 8 9 42 11 44 13 14 47 16 17 2 19 20 53 22 23 56 25 26 59 28 61 30 63 32 33 50 35 36 5 38 7 40 41 10 43 12 45 46 15 48 49 34 51 52 21 54 55 24 57 58 27 60 29 62 31
1 18 3 4 37 6 39 8 41 10 11 44 13 14 47 16 17 2 19 20 53 22 23 56 25 26 59 28 61 30 63 32 33 50 35 36 5 38 7 40 9 42 43 12 45 46 15 48 49 34 51 52 21 54 55 24 57 58 27 60 29 62 31
1 18 3 4 37 6 39 8 41 10 43 12 45 14 47 16 17 2 19 20 53 22 55 24 57 26 59 28 61 30 63 32 33 50 35 36 5 38 7 40 9 42 11 44 13 46 15 48 49 34 51 52 21 54 23 56 25 58 27 60 29 62 31
17 2 3 36 5 6 39 8 9 42 11 44 13 46 15 16 1 18 19 52 21 54 23 56 25 26 59 28 29 62 31 32 49 34 35 4 37 38 7 40 41 10 43 12 45 14 47 48 33 50 51 20 53 22 55 24 57 58 27 60 61 30 63
17 2 3 36 5 6 39 8 9 42 43 12 13 46 15 16 1 18 19 52 21 54 23 56 25 26 59 28 29 62 31 32 49 34 35 4 37 38 7 40 41 10 11 44 45 14 47 48 33 50 51 20 53 22 55 24 57 58 27 60 61 30 63
17 2 3 36 5 6 39 8 9 42 11 44 13 46 15 16 1 18 19 52 21 22 55 56 25 26 59 28 29 62 31 32 49 34 35 4 37 38 7 40 41 10 43 12 45 14 47 48 33 50 51 20 53 54 23 24 57 58 27 60 61 30 63
17 2 3 36 5 6 39 8 9 42 43 12 13 46 15 16 1 18 19 52 21 22 55 56 25 26 59 28 29 62 31 32 49 34 35 4 37 38 7 40 41 10 11 44 45 14 47 48 33 50 51 20 53 54 23 24 57 58 27 60 61 30 63
17 2 3 36 5 6 39 8 41 10 11 44 13 46 15 16 1 18 19 52 21 54 23 56 25 26 59 28 29 62 31 32 49 34 35 4 37 38 7 40 9 42 43 12 45 14 47 48 33 50 51 20 53 22 55 24 57 58 27 60 61 30 63
17 2 3 36 5 6 39 8 41 10 43 12 13 46 15 16 1 18 19 52 21 54 23 56 25 26 59 28 29 62 31 32 49 34 35 4 37 38 7 40 9 42 11 44 45 14 47 48 33 50 51 20 53 22 55 24 57 58 27 60 61 30 63
17 2 3 36 5 6 39 8 41 10 11 44 13 46 15 16 1 18 19 52 21 22 55 56 25 26 59 28 29 62 31 32 49 34 35 4 37 38 7 40 9 42 43 12 45 14 47 48 33 50 51 20 53 54 23 24 57 58 27 60 61 30 63
17 2 3 36 5 6 39 8 41 10 43 12 13 46 15 16 1 18 19 52 21 22 55 56 25 26 59 28 29 62 31 32 49 34 35 4 37 38 7 40 9 42 11 44 45 14 47 48 33 50 51 20 53 54 23 24 57 58 27 60 61 30 63
17 2 3 36 5 6 39 40 9 10 43 12 13 46 15 16 1 18 19 52 21 54 23 56 25 26 59 28 29 62 31 32 49 34 35 4 37 38 7 8 41 42 11 44 45 14 47 48 33 50 51 20 53 22 55 24 57 58 27 60 61 30 63
17 2 3 36 5 6 39 40 9 10 43 12 13 46 15 16 1 18 19 52 21 22 55 56 25 26 59 28 29 62 31 32 49 34 35 4 37 38 7 8 41 42 11 44 45 14 47 48 33 50 51 20 53 54 23 24 57 58 27 60 61 30 63
17 2 3 36 5 6 39 8 9 42 11 44 13 46 15 16 1 18 19 52 21 54 23 24 57 26 59 28 29 62 31 32 49 34 35 4 37 38 7 40 41 10 43 12 45 14 47 48 33 50 51 20 53 22 55 56 25 58 27 60 61 30 63
17 2 3 36 5 6 39 8 9 42 43 12 13 46 15 16 1 18 19 52 21 54 23 24 57 26 59 28 29 62 31 32 49 34 35 4 37 38 7 40 41 10 11 44 45 14 47 48 33 50 51 20 53 22 55 56 25 58 27 60 61 30 63
17 2 3 36 5 6 39 8 9 42 11 44 13 46 15 16 1 18 19 52 21 22 55 24 57 26 59 28 29 62 31 32 49 34 35 4 37 38 7 40 41 10 43 12 45 14 47 48 33 50 51 20 53 54 23 56 25 58 27 60 61 30 63
17 2 3 36 5 6 39 8 9 42 43 12 13 46 15 16 1 18 19 52 21 22 55 24 57 26 59 28 29 62 31 32 49 34 35 4 37 38 7 40 41 10 11 44 45 14 47 48 33 50 51 20 53 54 23 56 25 58 27 60 61 30 63
17 2 3 36 5 6 39 8 41 10 11 44 13 46 15 16 1 18 19 52 21 54 23 24 57 26 59 28 29 62 31 32 49 34 35 4 37 38 7 40 9 42 43 12 45 14 47 48 33 50 51 20 53 22 55 56 25 58 27 60 61 30 63
17 2 3 36 5 6 39 8 41 10 43 12 13 46 15 16 1 18 19 52 21 54 23 24 57 26 59 28 29 62 31 32 49 34 35 4 37 38 7 40 9 42 11 44 45 14 47 48 33 50 51 20 53 22 55 56 25 58 27 60 61 30 63
17 2 3 36 5 6 39 8 41 10 11 44 13 46 15 16 1 18 19 52 21 22 55 24 57 26 59 28 29 62 31 32 49 34 35 4 37 38 7 40 9 42 43 12 45 14 47 48 33 50 51 20 53 54 23 56 25 58 27 60 61 30 63
17 2 3 36 5 6 39 8 41 10 43 12 13 46 15 16 1 18 19 52 21 22 55 24 57 26 59 28 29 62 31 32 49 34 35 4 37 38 7 40 9 42 11 44 45 14 47 48 33 50 51 20 53 54 23 56 25 58 27 60 61 30 63
17 2 3 36 5 6 39 40 9 10 43 12 13 46 15 16 1 18 19 52 21 54 23 24 57 26 59 28 29 62 31 32 49 34 35 4 37 38 7 8 41 42 11 44 45 14 47 48 33 50 51 20 53 22 55 56 25 58 27 60 61 30 63
17 2 3 36 5 6 39 40 9 10 43 12 13 46 15 16 1 18 19 52 21 22 55 24 57 26 59 28 29 62 31 32 49 34 35 4 37 38 7 8 41 42 11 44 45 14 47 48 33 50 51 20 53 54 23 56 25 58 27 60 61 30 63
17 2 3 36 5 6 39 8 9 42 11 44 13 46 15 16 1 18 19 52 21 22 55 24 25 58 59 28 29 62 31 32 49 34 35 4 37 38 7 40 41 10 43 12 45 14 47 48 33 50 51 20 53 54 23 56 57 26 27 60 61 30 63
17 2 3 36 5 6 39 8 9 42 43 12 13 46 15 16 1 18 19 52 21 22 55 24 25 58 59 28 29 62 31 32 49 34 35 4 37 38 7 40 41 10 11 44 45 14 47 48 33 50 51 20 53 54 23 56 57 26 27 60 61 30 63
17 2 3 36 5 6 39 8 41 10 11 44 13 46 15 16 1 18 19 52 21 22 55 24 25 58 59 28 29 62 31 32 49 34 35 4 37 38 7 40 9 42 43 12 45 14 47 48 33 50 51 20 53 54 23 56 57 26 27 60 61 30 63
17 2 3 36 5 6 39 8 41 10 43 12 13 46 15 16 1 18 19 52 21 22 55 24 25 58 59 28 29 62 31 32 49 34 35 4 37 38 7 40 9 42 11 44 45 14 47 48 33 50 51 20 53 54 23 56 57 26 27 60 61 30 63
17 2 3 36 5 6 39 40 9 10 43 12 13 46 15 16 1 18 19 52 21 22 55 24 25 58 59 28 29 62 31 32 49 34 35 4 37 38 7 8 41 42 11 44 45 14 47 48 33 50 51 20 53 54 23 56 57 26 27 60 61 30 63
17 2 3 36 5 38 7 8 41 10 11 44 13 46 15 16 1 18 19 52 21 54 23 56 25 26 59 28 29 62 31 32 49 34 35 4 37 6 39 40 9 42 43 12 45 14 47 48 33 50 51 20 53 22 55 24 57 58 27 60 61 30 63
17 2 3 36 5 38 7 8 41 10 43 12 13 46 15 16 1 18 19 52 21 54 23 56 25 26 59 28 29 62 31 32 49 34 35 4 37 6 39 40 9 42 11 44 45 14 47 48 33 50 51 20 53 22 55 24 57 58 27 60 61 30 63
17 2 3 36 5 38 7 8 41 10 11 44 13 46 15 16 1 18 19 52 21 22 55 56 25 26 59 28 29 62 31 32 49 34 35 4 37 6 39 40 9 42 43 12 45 14 47 48 33 50 51 20 53 54 23 24 57 58 27 60 61 30 63
17 2 3 36 5 38 7 8 41 10 43 12 13 46 15 16 1 18 19 52 21 22 55 56 25 26 59 28 29 62 31 32 49 34 35 4 37 6 39 40 9 42 11 44 45 14 47 48 33 50 51 20 53 54 23 24 57 58 27 60 61 30 63
17 2 3 36 5 38 7 40 9 10 43 12 13 46 15 16 1 18 19 52 21 54 23 56 25 26 59 28 29 62 31 32 49 34 35 4 37 6 39 8 41 42 11 44 45 14 47 48 33 50 51 20 53 22 55 24 57 58 27 60 61 30 63
17 2 3 36 5 38 7 40 9 10 43 12 13 46 15 16 1 18 19 52 21 22 55 56 25 26 59 28 29 62 31 32 49 34 35 4 37 6 39 8 41 42 11 44 45 14 47 48 33 50 51 20 53 54 23 24 57 58 27 60 61 30 63
17 2 3 36 5 38 7 8 41 10 11 44 13 46 15 16 1 18 19 52 21 54 23 24 57 26 59 28 29 62 31 32 49 34 35 4 37 6 39 40 9 42 43 12 45 14 47 48 33 50 51 20 53 22 55 56 25 58 27 60 61 30 63
17 2 3 36 5 38 7 8 41 10 43 12 13 46 15 16 1 18 19 52 21 54 23 24 57 26 59 28 29 62 31 32 49 34 35 4 37 6 39 40 9 42 11 44 45 14 47 48 33 50 51 20 53 22 55 56 25 58 27 60 61 30 63
17 2 3 36 5 38 7 8 41 10 11 44 13 46 15 16 1 18 19 52 21 22 55 24 57 26 59 28 29 62 31 32 49 34 35 4 37 6 39 40 9 42 43 12 45 14 47 48 33 50 51 20 53 54 23 56 25 58 27 60 61 30 63
17 2 3 36 5 38 7 8 41 10 43 12 13 46 15 16 1 18 19 52 21 22 55 24 57 26 59 28 29 62 31 32 49 34 35 4 37 6 39 40 9 42 11 44 45 14 47 48 33 50 51 20 53 54 23 56 25 58 27 60 61 30 63
17 2 3 36 5 38 7 40 9 10 43 12 13 46 15 16 1 18 19 52 21 54 23 24 57 26 59 28 29 62 31 32 49 34 35 4 37 6 39 8 41 42 11 44 45 14 47 48 33 50 51 20 53 22 55 56 25 58 27 60 61 30 63
17 2 3 36 5 38 7 40 9 10 43 12 13 46 15 16 1 18 19 52 21 22 55 24 57 26 59 28 29 62 31 32 49 34 35 4 37 6 39 8 41 42 11 44 45 14 47 48 33 50 51 20 53 54 23 56 25 58 27 60 61 30 63
17 2 3 36 5 38 7 8 41 10 11 44 13 46 15 16 1 18 19 52 21 22 55 24 25 58 59 28 29 62 31 32 49 34 35 4 37 6 39 40 9 42 43 12 45 14 47 48 33 50 51 20 53 54 23 56 57 26 27 60 61 30 63
17 2 3 36 5 38 7 8 41 10 43 12 13 46 15 16 1 18 19 52 21 22 55 24 25 58 59 28 29 62 31 32 49 34 35 4 37 6 39 40 9 42 11 44 45 14 47 48 33 50 51 20 53 54 23 56 57 26 27 60 61 30 63
17 2 3 36 5 38 7 40 9 10 43 12 13 46 15 16 1 18 19 52 21 22 55 24 25 58 59 28 29 62 31 32 49 34 35 4 37 6 39 8 41 42 11 44 45 14 47 48 33 50 51 20 53 54 23 56 57 26 27 60 61 30 63
17 2 3 36 5 6 39 8 9 42 11 44 13 46 15 16 1 18 19 52 21 54 23 24 57 26 27 60 29 62 31 32 49 34 35 4 37 38 7 40 41 10 43 12 45 14 47 48 33 50 51 20 53 22 55 56 25 58 59 28 61 30 63
17 2 3 36 5 6 39 8 9 42 43 12 13 46 15 16 1 18 19 52 21 54 23 24 57 26 27 60 29 62 31 32 49 34 35 4 37 38 7 40 41 10 11 44 45 14 47 48 33 50 51 20 53 22 55 56 25 58 59 28 61 30 63
17 2 3 36 5 6 39 8 9 42 11 44 13 46 15 16 1 18 19 52 21 22 55 24 57 26 27 60 29 62 31 32 49 34 35 4 37 38 7 40 41 10 43 12 45 14 47 48 33 50 51 20 53 54 23 56 25 58 59 28 61 30 63
17 2 3 36 5 6 39 8 9 42 43 12 13 46 15 16 1 18 19 52 21 22 55 24 57 26 27 60 29 62 31 32 49 34 35 4 37 38 7 40 41 10 11 44 45 14 47 48 33 50 51 20 53 54 23 56 25 58 59 28 61 30 63
17 2 3 36 5 6 39 8 41 10 11 44 13 46 15 16 1 18 19 52 21 54 23 24 57 26 27 60 29 62 31 32 49 34 35 4 37 38 7 40 9 42 43 12 45 14 47 48 33 50 51 20 53 22 55 56 25 58 59 28 61 30 63
17 2 3 36 5 6 39 8 41 10 43 12 13 46 15 16 1 18 19 52 21 54 23 24 57 26 27 60 29 62 31 32 49 34 35 4 37 38 7 40 9 42 11 44 45 14 47 48 33 50 51 20 53 22 55 56 25 58 59 28 61 30 63
17 2 3 36 5 6 39 8 41 10 11 44 13 46 15 16 1 18 19 52 21 22 55 24 57 26 27 60 29 62 31 32 49 34 35 4 37 38 7 40 9 42 43 12 45 14 47 48 33 50 51 20 53 54 23 56 25 58 59 28 61 30 63
17 2 3 36 5 6 39 8 41 10 43 12 13 46 15 16 1 18 19 52 21 22 55 24 57 26 27 60 29 62 31 32 49 34 35 4 37 38 7 40 9 42 11 44 45 14 47 48 33 50 51 20 53 54 23 56 25 58 59 28 61 30 63
17 2 3 36 5 6 39 40 9 10 43 12 13 46 15 16 1 18 19 52 21 54 23 24 57 26 27 60 29 62 31 32 49 34 35 4 37 38 7 8 41 42 11 44 45 14 47 48 33 50 51 20 53 22 55 56 25 58 59 28 61 30 63
17 2 3 36 5 6 39 40 9 10 43 12 13 46 15 16 1 18 19 52 21 22 55 24 57 26 27 60 29 62 31 32 49 34 35 4 37 38 7 8 41 42 11 44 45 14 47 48 33 50 51 20 53 54 23 56 25 58 59 28 61 30 63
17 2 3 36 5 6 39 8 9 42 11 44 13 46 15 16 1 18 19 52 21 22 55 24 25 58 27 60 29 62 31 32 49 34 35 4 37 38 7 40 41 10 43 12 45 14 47 48 33 50 51 20 53 54 23 56 57 26 59 28 61 30 63
17 2 3 36 5 6 39 8 9 42 43 12 13 46 15 16 1 18 19 52 21 22 55 24 25 58 27 60 29 62 31 32 49 34 35 4 37 38 7 40 41 10 11 44 45 14 47 48 33 50 51 20 53 54 23 56 57 26 59 28 61 30 63
17 2 3 36 5 6 39 8 41 10 11 44 13 46 15 16 1 18 19 52 21 22 55 24 25 58 27 60 29 62 31 32 49 34 35 4 37 38 7 40 9 42 43 12 45 14 47 48 33 50 51 20 53 54 23 56 57 26 59 28 61 30 63
17 2 3 36 5 6 39 8 41 10 43 12 13 46 15 16 1 18 19 52 21 22 55 24 25 58 27 60 29 62 31 32 49 34 35 4 37 38 7 40 9 42 11 44 45 14 47 48 33 50 51 20 53 54 23 56 57 26 59 28 61 30 63
17 2 3 36 5 6 39 40 9 10 43 12 13 46 15 16 1 18 19 52 21 22 55 24 25 58 27 60 29 62 31 32 49 34 35 4 37 38 7 8 41 42 11 44 45 14 47 48 33 50 51 20 53 54 23 56 57 26 59 28 61 30 63
17 2 3 36 5 38 7 8 41 10 11 44 13 46 15 16 1 18 19 52 21 54 23 24 57 26 27 60 29 62 31 32 49 34 35 4 37 6 39 40 9 42 43 12 45 14 47 48 33 50 51 20 53 22 55 56 25 58 59 28 61 30 63
17 2 3 36 5 38 7 8 41 10 43 12 13 46 15 16 1 18 19 52 21 54 23 24 57 26 27 60 29 62 31 32 49 34 35 4 37 6 39 40 9 42 11 44 45 14 47 48 33 50 51 20 53 22 55 56 25 58 59 28 61 30 63
17 2 3 36 5 38 7 8 41 10 11 44 13 46 15 16 1 18 19 52 21 22 55 24 57 26 27 60 29 62 31 32 49 34 35 4 37 6 39 40 9 42 43 12 45 14 47 48 33 50 51 20 53 54 23 56 25 58 59 28 61 30 63
17 2 3 36 5 38 7 8 41 10 43 12 13 46 15 16 1 18 19 52 21 22 55 24 57 26 27 60 29 62 31 32 49 34 35 4 37 6 39 40 9 42 11 44 45 14 47 48 33 50 51 20 53 54 23 56 25 58 59 28 61 30 63
17 2 3 36 5 38 7 40 9 10 43 12 13 46 15 16 1 18 19 52 21 54 23 24 57 26 27 60 29 62 31 32 49 34 35 4 37 6 39 8 41 42 11 44 45 14 47 48 33 50 51 20 53 22 55 56 25 58 59 28 61 30 63
17 2 3 36 5 38 7 40 9 10 43 12 13 46 15 16 1 18 19 52 21 22 55 24 57 26 27 60 29 62 31 32 49 34 35 4 37 6 39 8 41 42 11 44 45 14 47 48 33 50 51 20 53 54 23 56 25 58 59 28 61 30 63
17 2 3 36 5 38 7 8 41 10 11 44 13 46 15 16 1 18 19 52 21 22 55 24 25 58 27 60 29 62 31 32 49 34 35 4 37 6 39 40 9 42 43 12 45 14 47 48 33 50 51 20 53 54 23 56 57 26 59 28 61 30 63
17 2 3 36 5 38 7 8 41 10 43 12 13 46 15 16 1 18 19 52 21 22 55 24 25 58 27 60 29 62 31 32 49 34 35 4 37 6 39 40 9 42 11 44 45 14 47 48 33 50 51 20 53 54 23 56 57 26 59 28 61 30 63
17 2 3 36 5 38 7 40 9 10 43 12 13 46 15 16 1 18 19 52 21 22 55 24 25 58 27 60 29 62 31 32 49 34 35 4 37 6 39 8 41 42 11 44 45 14 47 48 33 50 51 20 53 54 23 56 57 26 59 28 61 30 63
17 2 3 36 5 38 7 40 9 42 11 44 13 46 15 16 1 18 19 52 21 54 23 56 25 58 27 60 29 62 31 32 49 34 35 4 37 6 39 8 41 10 43 12 45 14 47 48 33 50 51 20 53 22 55 24 57 26 59 28 61 30 63
31 62 29 60 27 58 25 56 23 54 21 52 51 34 49 48 15 46 13 44 11 42 9 40 7 38 5 36 35 50 33 32 63 30 61 28 59 26 57 24 55 22 53 20 19 2 17 16 47 14 45 12 43 10 41 8 39 6 37 4 3 18 1
31 62 29 60 27 58 57 24 55 54 21 52 51 34 49 48 15 46 45 12 43 42 9 40 7 38 5 36 35 50 33 32 63 30 61 28 59 26 25 56 23 22 53 20 19 2 17 16 47 14 13 44 11 10 41 8 39 6 37 4 3 18 1
31 62 29 60 27 58 57 24 55 54 21 52 51 34 49 48 15 46 45 12 43 10 41 40 7 38 5 36 35 50 33 32 63 30 61 28 59 26 25 56 23 22 53 20 19 2 17 16 47 14 13 44 11 42 9 8 39 6 37 4 3 18 1
31 62 29 60 27 58 57 24 55 54 21 52 51 34 49 48 15 46 13 44 43 10 41 40 7 38 5 36 35 50 33 32 63 30 61 28 59 26 25 56 23 22 53 20 19 2 17 16 47 14 45 12 11 42 9 8 39 6 37 4 3 18 1
31 62 29 60 27 58 57 24 55 54 21 52 51 34 49 48 15 46 45 12 43 42 9 8 39 38 5 36 35 50 33 32 63 30 61 28 59 26 25 56 23 22 53 20 19 2 17 16 47 14 13 44 11 10 41 40 7 6 37 4 3 18 1
31 62 29 60 27 58 57 24 55 54 21 52 51 34 49 48 15 46 45 12 43 10 41 8 39 38 5 36 35 50 33 32 63 30 61 28 59 26 25 56 23 22 53 20 19 2 17 16 47 14 13 44 11 42 9 40 7 6 37 4 3 18 1
31 62 29 60 27 58 57 24 55 54 21 52 51 34 49 48 15 46 13 44 43 10 41 8 39 38 5 36 35 50 33 32 63 30 61 28 59 26 25 56 23 22 53 20 19 2 17 16 47 14 45 12 11 42 9 40 7 6 37 4 3 18 1
31 62 29 60 27 58 57 24 55 54 21 52 51 34 49 48 15 46 45 12 11 42 41 8 39 38 5 36 35 50 33 32 63 30 61 28 59 26 25 56 23 22 53 20 19 2 17 16 47 14 13 44 43 10 9 40 7 6 37 4 3 18 1
31 62 29 60 27 58 57 24 55 54 21 52 51 34 49 48 15 46 13 44 11 42 41 8 39 38 5 36 35 50 33 32 63 30 61 28 59 26 25 56 23 22 53 20 19 2 17 16 47 14 45 12 43 10 9 40 7 6 37 4 3 18 1
31 62 29 60 59 26 57 24 55 54 21 52 51 34 49 48 15 46 45 12 43 42 9 40 7 38 5 36 35 50 33 32 63 30 61 28 27 58 25 56 23 22 53 20 19 2 17 16 47 14 13 44 11 10 41 8 39 6 37 4 3 18 1
31 62 29 60 59 26 57 24 55 54 21 52 51 34 49 48 15 46 45 12 43 10 41 40 7 38 5 36 35 50 33 32 63 30 61 28 27 58 25 56 23 22 53 20 19 2 17 16 47 14 13 44 11 42 9 8 39 6 37 4 3 18 1
31 62 29 60 59 26 57 24 55 54 21 52 51 34 49 48 15 46 13 44 43 10 41 40 7 38 5 36 35 50 33 32 63 30 61 28 27 58 25 56 23 22 53 20 19 2 17 16 47 14 45 12 11 42 9 8 39 6 37 4 3 18 1
31 62 29 60 59 26 57 56 23 54 21 52 51 34 49 48 15 46 45 12 43 42 9 40 7 38 5 36 35 50 33 32 63 30 61 28 27 58 25 24 55 22 53 20 19 2 17 16 47 14 13 44 11 10 41 8 39 6 37 4 3 18 1
31 62 29 60 59 26 57 56 23 54 21 52 51 34 49 48 15 46 45 12 43 10 41 40 7 38 5 36 35 50 33 32 63 30 61 28 27 58 25 24 55 22 53 20 19 2 17 16 47 14 13 44 11 42 9 8 39 6 37 4 3 18 1
31 62 29 60 59 26 57 56 23 54 21 52 51 34 49 48 15 46 13 44 43 10 41 40 7 38 5 36 35 50 33 32 63 30 61 28 27 58 25 24 55 22 53 20 19 2 17 16 47 14 45 12 11 42 9 8 39 6 37 4 3 18 1
31 62 29 60 59 26 57 24 55 54 21 52 51 34 49 48 15 46 45 12 43 42 9 8 39 38 5 36 35 50 33 32 63 30 61 28 27 58 25 56 23 22 53 20 19 2 17 16 47 14 13 44 11 10 41 40 7 6 37 4 3 18 1
31 62 29 60 59 26 57 24 55 54 21 52 51 34 49 48 15 46 45 12 43 10 41 8 39 38 5 36 35 50 33 32 63 30 61 28 27 58 25 56 23 22 53 20 19 2 17 16 47 14 13 44 11 42 9 40 7 6 37 4 3 18 1
31 62 29 60 59 26 57 24 55 54 21 52 51 34 49 48 15 46 13 44 43 10 41 8 39 38 5 36 35 50 33 32 63 30 61 28 27 58 25 56 23 22 53 20 19 2 17 16 47 14 45 12 11 42 9 40 7 6 37 4 3 18 1
31 62 29 60 59 26 57 24 55 54 21 52 51 34 49 48 15 46 45 12 11 42 41 8 39 38 5 36 35 50 33 32 63 30 61 28 27 58 25 56 23 22 53 20 19 2 17 16 47 14 13 44 43 10 9 40 7 6 37 4 3 18 1
31 62 29 60 59 26 57 24 55 54 21 52 51 34 49 48 15 46 13 44 11 42 41 8 39 38 5 36 35 50 33 32 63 30 61 28 27 58 25 56 23 22 53 20 19 2 17 16 47 14 45 12 43 10 9 40 7 6 37 4 3 18 1
31 62 29 60 59 26 57 56 23 54 21 52 51 34 49 48 15 46 45 12 43 42 9 8 39 38 5 36 35 50 33 32 63 30 61 28 27 58 25 24 55 22 53 20 19 2 17 16 47 14 13 44 11 10 41 40 7 6 37 4 3 18 1
31 62 29 60 59 26 57 56 23 54 21 52 51 34 49 48 15 46 45 12 43 10 41 8 39 38 5 36 35 50 33 32 63 30 61 28 27 58 25 24 55 22 53 20 19 2 17 16 47 14 13 44 11 42 9 40 7 6 37 4 3 18 1
31 62 29 60 59 26 57 56 23 54 21 52 51 34 49 48 15 46 13 44 43 10 41 8 39 38 5 36 35 50 33 32 63 30 61 28 27 58 25 24 55 22 53 20 19 2 17 16 47 14 45 12 11 42 9 40 7 6 37 4 3 18 1
31 62 29 60 59 26 57 56 23 54 21 52 51 34 49 48 15 46 45 12 11 42 41 8 39 38 5 36 35 50 33 32 63 30 61 28 27 58 25 24 55 22 53 20 19 2 17 16 47 14 13 44 43 10 9 40 7 6 37 4 3 18 1
31 62 29 60 59 26 57 56 23 54 21 52 51 34 49 48 15 46 13 44 11 42 41 8 39 38 5 36 35 50 33 32 63 30 61 28 27 58 25 24 55 22 53 20 19 2 17 16 47 14 45 12 43 10 9 40 7 6 37 4 3 18 1
31 62 61 28 27 58 57 24 55 54 21 52 51 34 49 48 15 46 45 12 43 42 9 40 7 38 5 36 35 50 33 32 63 30 29 60 59 26 25 56 23 22 53 20 19 2 17 16 47 14 13 44 11 10 41 8 39 6 37 4 3 18 1
31 62 61 28 27 58 57 24 55 54 21 52 51 34 49 48 15 46 45 12 43 10 41 40 7 38 5 36 35 50 33 32 63 30 29 60 59 26 25 56 23 22 53 20 19 2 17 16 47 14 13 44 11 42 9 8 39 6 37 4 3 18 1
31 62 61 28 27 58 57 24 55 54 21 52 51 34 49 48 15 46 13 44 43 10 41 40 7 38 5 36 35 50 33 32 63 30 29 60 59 26 25 56 23 22 53 20 19 2 17 16 47 14 45 12 11 42 9 8 39 6 37 4 3 18 1
31 62 61 28 27 58 57 24 55 54 21 52 51 34 49 48 15 46 45 12 43 42 9 8 39 38 5 36 35 50 33 32 63 30 29 60 59 26 25 56 23 22 53 20 19 2 17 16 47 14 13 44 11 10 41 40 7 6 37 4 3 18 1
31 62 61 28 27 58 57 24 55 54 21 52 51 34 49 48 15 46 45 12 43 10 41 8 39 38 5 36 35 50 33 32 63 30 29 60 59 26 25 56 23 22 53 20 19 2 17 16 47 14 13 44 11 42 9 40 7 6 37 4 3 18 1
31 62 61 28 27 58 57 24 55 54 21 52 51 34 49 48 15 46 13 44 43 10 41 8 39 38 5 36 35 50 33 32 63 30 29 60 59 26 25 56 23 22 53 20 19 2 17 16 47 14 45 12 11 42 9 40 7 6 37 4 3 18 1
31 62 61 28 27 58 57 24 55 54 21 52 51 34 49 48 15 46 45 12 11 42 41 8 39 38 5 36 35 50 33 32 63 30 29 60 59 26 25 56 23 22 53 20 19 2 17 16 47 14 13 44 43 10 9 40 7 6 37 4 3 18 1
31 62 61 28 27 58 57 24 55 54 21 52 51 34 49 48 15 46 13 44 11 42 41 8 39 38 5 36 35 50 33 32 63 30 29 60 59 26 25 56 23 22 53 20 19 2 17 16 47 14 45 12 43 10 9 40 7 6 37 4 3 18 1
31 62 61 28 59 26 57 24 55 54 21 52 51 34 49 48 15 46 45 12 43 42 9 40 7 38 5 36 35 50 33 32 63 30 29 60 27 58 25 56 23 22 53 20 19 2 17 16 47 14 13 44 11 10 41 8 39 6 37 4 3 18 1
31 62 61 28 59 26 57 24 55 54 21 52 51 34 49 48 15 46 45 12 43 10 41 40 7 38 5 36 35 50 33 32 63 30 29 60 27 58 25 56 23 22 53 20 19 2 17 16 47 14 13 44 11 42 9 8 39 6 37 4 3 18 1
31 62 61 28 59 26 57 24 55 54 21 52 51 34 49 48 15 46 13 44 43 10 41 40 7 38 5 36 35 50 33 32 63 30 29 60 27 58 25 56 23 22 53 20 19 2 17 16 47 14 45 12 11 42 9 8 39 6 37 4 3 18 1
31 62 61 28 59 26 57 56 23 54 21 52 51 34 49 48 15 46 45 12 43 42 9 40 7 38 5 36 35 50 33 32 63 30 29 60 27 58 25 24 55 22 53 20 19 2 17 16 47 14 13 44 11 10 41 8 39 6 37 4 3 18 1
31 62 61 28 59 26 57 56 23 54 21 52 51 34 49 48 15 46 45 12 43 10 41 40 7 38 5 36 35 50 33 32 63 30 29 60 27 58 25 24 55 22 53 20 19 2 17 16 47 14 13 44 11 42 9 8 39 6 37 4 3 18 1
31 62 61 28 59 26 57 56 23 54 21 52 51 34 49 48 15 46 13 44 43 10 41 40 7 38 5 36 35 50 33 32 63 30 29 60 27 58 25 24 55 22 53 20 19 2 17 16 47 14 45 12 11 42 9 8 39 6 37 4 3 18 1
31 62 61 28 59 26 57 24 55 54 21 52 51 34 49 48 15 46 45 12 43 42 9 8 39 38 5 36 35 50 33 32 63 30 29 60 27 58 25 56 23 22 53 20 19 2 17 16 47 14 13 44 11 10 41 40 7 6 37 4 3 18 1
31 62 61 28 59 26 57 24 55 54 21 52 51 34 49 48 15 46 45 12 43 10 41 8 39 38 5 36 35 50 33 32 63 30 29 60 27 58 25 56 23 22 53 20 19 2 17 16 47 14 13 44 11 42 9 40 7 6 37 4 3 18 1
31 62 61 28 59 26 57 24 55 54 21 52 51 34 49 48 15 46 13 44 43 10 41 8 39 38 5 36 35 50 33 32 63 30 29 60 27 58 25 56 23 22 53 20 19 2 17 16 47 14 45 12 11 42 9 40 7 6 37 4 3 18 1
31 62 61 28 59 26 57 24 55 54 21 52 51 34 49 48 15 46 45 12 11 42 41 8 39 38 5 36 35 50 33 32 63 30 29 60 27 58 25 56 23 22 53 20 19 2 17 16 47 14 13 44 43 10 9 40 7 6 37 4 3 18 1
31 62 61 28 59 26 57 24 55 54 21 52 51 34 49 48 15 46 13 44 11 42 41 8 39 38 5 36 35 50 33 32 63 30 29 60 27 58 25 56 23 22 53 20 19 2 17 16 47 14 45 12 43 10 9 40 7 6 37 4 3 18 1
31 62 61 28 59 26 57 56 23 54 21 52 51 34 49 48 15 46 45 12 43 42 9 8 39 38 5 36 35 50 33 32 63 30 29 60 27 58 25 24 55 22 53 20 19 2 17 16 47 14 13 44 11 10 41 40 7 6 37 4 3 18 1
31 62 61 28 59 26 57 56 23 54 21 52 51 34 49 48 15 46 45 12 43 10 41 8 39 38 5 36 35 50 33 32 63 30 29 60 27 58 25 24 55 22 53 20 19 2 17 16 47 14 13 44 11 42 9 40 7 6 37 4 3 18 1
31 62 61 28 59 26 57 56 23 54 21 52 51 34 49 48 15 46 13 44 43 10 41 8 39 38 5 36 35 50 33 32 63 30 29 60 27 58 25 24 55 22 53 20 19 2 17 16 47 14 45 12 11 42 9 40 7 6 37 4 3 18 1
31 62 61 28 59 26 57 56 23 54 21 52 51 34 49 48 15 46 45 12 11 42 41 8 39 38 5 36 35 50 33 32 63 30 29 60 27 58 25 24 55 22 53 20 19 2 17 16 47 14 13 44 43 10 9 40 7 6 37 4 3 18 1
31 62 61 28 59 26 57 56 23 54 21 52 51 34 49 48 15 46 13 44 11 42 41 8 39 38 5 36 35 50 33 32 63 30 29 60 27 58 25 24 55 22 53 20 19 2 17 16 47 14 45 12 43 10 9 40 7 6 37 4 3 18 1
31 62 61 28 59 58 25 24 55 54 21 52 51 34 49 48 15 46 45 12 43 42 9 40 7 38 5 36 35 50 33 32 63 30 29 60 27 26 57 56 23 22 53 20 19 2 17 16 47 14 13 44 11 10 41 8 39 6 37 4 3 18 1
31 62 61 28 59 58 25 24 55 54 21 52 51 34 49 48 15 46 45 12 43 10 41 40 7 38 5 36 35 50 33 32 63 30 29 60 27 26 57 56 23 22 53 20 19 2 17 16 47 14 13 44 11 42 9 8 39 6 37 4 3 18 1
31 62 61 28 59 58 25 24 55 54 21 52 51 34 49 48 15 46 13 44 43 10 41 40 7 38 5 36 35 50 33 32 63 30 29 60 27 26 57 56 23 22 53 20 19 2 17 16 47 14 45 12 11 42 9 8 39 6 37 4 3 18 1
31 62 61 28 59 58 25 56 23 54 21 52 51 34 49 48 15 46 45 12 43 42 9 40 7 38 5 36 35 50 33 32 63 30 29 60 27 26 57 24 55 22 53 20 19 2 17 16 47 14 13 44 11 10 41 8 39 6 37 4 3 18 1
31 62 61 28 59 58 25 56 23 54 21 52 51 34 49 48 15 46 45 12 43 10 41 40 7 38 5 36 35 50 33 32 63 30 29 60 27 26 57 24 55 22 53 20 19 2 17 16 47 14 13 44 11 42 9 8 39 6 37 4 3 18 1
31 62 61 28 59 58 25 56 23 54 21 52 51 34 49 48 15 46 13 44 43 10 41 40 7 38 5 36 35 50 33 32 63 30 29 60 27 26 57 24 55 22 53 20 19 2 17 16 47 14 45 12 11 42 9 8 39 6 37 4 3 18 1
31 62 61 28 59 58 25 24 55 54 21 52 51 34 49 48 15 46 45 12 43 42 9 8 39 38 5 36 35 50 33 32 63 30 29 60 27 26 57 56 23 22 53 20 19 2 17 16 47 14 13 44 11 10 41 40 7 6 37 4 3 18 1
31 62 61 28 59 58 25 24 55 54 21 52 51 34 49 48 15 46 45 12 43 10 41 8 39 38 5 36 35 50 33 32 63 30 29 60 27 26 57 56 23 22 53 20 19 2 17 16 47 14 13 44 11 42 9 40 7 6 37 4 3 18 1
31 62 61 28 59 58 25 24 55 54 21 52 51 34 49 48 15 46 13 44 43 10 41 8 39 38 5 36 35 50 33 32 63 30 29 60 27 26 57 56 23 22 53 20 19 2 17 16 47 14 45 12 11 42 9 40 7 6 37 4 3 18 1
31 62 61 28 59 58 25 24 55 54 21 52 51 34 49 48 15 46 45 12 11 42 41 8 39 38 5 36 35 50 33 32 63 30 29 60 27 26 57 56 23 22 53 20 19 2 17 16 47 14 13 44 43 10 9 40 7 6 37 4 3 18 1
31 62 61 28 59 58 25 24 55 54 21 52 51 34 49 48 15 46 13 44 11 42 41 8 39 38 5 36 35 50 33 32 63 30 29 60 27 26 57 56 23 22 53 20 19 2 17 16 47 14 45 12 43 10 9 40 7 6 37 4 3 18 1
31 62 61 28 59 58 25 56 23 54 21 52 51 34 49 48 15 46 45 12 43 42 9 8 39 38 5 36 35 50 33 32 63 30 29 60 27 26 57 24 55 22 53 20 19 2 17 16 47 14 13 44 11 10 41 40 7 6 37 4 3 18 1
31 62 61 28 59 58 25 56 23 54 21 52 51 34 49 48 15 46 45 12 43 10 41 8 39 38 5 36 35 50 33 32 63 30 29 60 27 26 57 24 55 22 53 20 19 2 17 16 47 14 13 44 11 42 9 40 7 6 37 4 3 18 1
31 62 61 28 59 58 25 56 23 54 21 52 51 34 49 48 15 46 13 44 43 10 41 8 39 38 5 36 35 50 33 32 63 30 29 60 27 26 57 24 55 22 53 20 19 2 17 16 47 14 45 12 11 42 9 40 7 6 37 4 3 18 1
31 62 61 28 59 58 25 56 23 54 21 52 51 34 49 48 15 46 45 12 11 42 41 8 39 38 5 36 35 50 33 32 63 30 29 60 27 26 57 24 55 22 53 20 19 2 17 16 47 14 13 44 43 10 9 40 7 6 37 4 3 18 1
31 62 61 28 59 58 25 56 23 54 21 52 51 34 49 48 15 46 13 44 11 42 41 8 39 38 5 36 35 50 33 32 63 30 29 60 27 26 57 24 55 22 53 20 19 2 17 16 47 14 45 12 43 10 9 40 7 6 37 4 3 18 1
n=63 sym=1 count=260 nodes=3546968 time=0.91s
