2
3
2 2
4
5
6
7
2 2 2
2 4
8
3 3
9
10
11
2 6
12
13
14
15
2 2 2 2
2 2 4
2 8
4 4
16
17
3 6
18
19
2 10
20
21
22
23
2 2 6
2 12
24
5 5
25
26
3 3 3
3 9
27
2 14
28
29
30
31
2 2 2 4
2 2 8
2 4 4
2 16
4 8
32
33
34
35
2 18
3 12
6 6
36
37
38
39
2 2 10
2 20
40
41
42
43
2 22
44
3 15
45
46
47
2 2 12
2 24
4 12
48
7 7
49
5 10
50
51
2 26
52
53
3 3 6
3 18
54
55
2 2 14
2 28
56
57
58
59
2 30
60
61
62
3 21
63
2 2 16
2 4 8
2 32
4 4 4
4 16
8 8
64
65
66
67
2 34
68
69
70
71
2 2 18
2 6 6
2 36
3 24
6 12
72
73
74
5 15
75
2 38
76
77
78
79
2 2 20
2 40
4 20
80
3 3 3 3
3 3 9
3 27
9 9
81
82
83
2 42
84
85
86
87
2 2 22
2 44
88
89
3 30
90
91
2 46
92
93
94
95
2 2 24
2 4 12
2 48
4 24
96
97
7 14
98
3 33
99
2 50
5 20
10 10
100
101
102
103
2 2 26
2 52
104
105
106
107
2 54
3 3 12
3 6 6
3 36
6 18
108
109
110
111
2 2 28
2 56
4 28
112
113
114
115
2 58
116
3 39
117
118
119
2 2 30
2 60
120
11 11
121
122
123
2 62
124
5 5 5
5 25
125
3 42
126
127
2 2 32
2 4 16
2 8 8
2 64
4 4 8
4 32
8 16
128
2 66
3 3 15
3 45
2 2 34
2 68
2 70
2 2 36
2 6 12
2 72
3 48
4 36
6 24
12 12
7 21
2 74
5 30
2 2 38
2 76
3 51
2 78
2 2 40
2 4 20
2 80
4 40
3 3 3 6
3 3 18
3 54
9 18
2 82
2 2 42
2 84
13 13
3 57
2 86
5 35
2 2 44
2 88
4 44
2 90
3 60
6 30
2 2 46
2 92
2 94
3 3 21
3 63
2 2 48
2 4 24
2 96
4 4 12
4 48
8 24
2 98
7 28
14 14
3 66
2 2 50
2 10 10
2 100
5 40
10 20
2 102
3 69
2 104
4 52
2 106
2 108
3 3 24
3 6 12
3 72
6 36
2 110
2 112
4 56
3 75
5 45
15 15
2 114
2 116
3 78
2 118
2 120
4 60
11 22
3 81
9 27
2 122
7 35
2 124
5 50
2 126
3 84
6 42
2 128
4 64
8 32
16 16
3 3 30
3 90
5 55
3 93
3 96
12 24
17 17
7 42
5 60
10 30
7 7 7
5 5 15
15 30
