p=7 t=4 A=2..5 wit=2 4 5 3 
p=11 t=8 A=2..9 wit=9 8 6 4 2 7 5 3 
p=13 t=10 A=2..11 wit=6 11 8 9 3 7 5 4 2 10 
p=17 t=14 A=2..15 wit=3 15 8 7 12 2 14 5 10 11 4 6 9 13 
p=19 t=16 A=2..17 wit=8 14 6 2 10 16 7 9 17 3 15 11 13 12 4 5 
p=23 t=20 A=2..21 wit=19 15 20 10 11 8 13 3 5 16 17 14 4 7 2 12 18 6 9 21 
p=29 t=26 A=2..27 wit=19 7 8 26 15 10 17 5 13 9 3 27 21 2 14 6 25 16 12 24 18 23 20 11 22 4 
p=31 t=28 A=2..29 wit=26 29 5 3 21 18 4 25 10 22 7 13 24 9 19 23 15 2 16 11 28 17 27 14 20 6 8 12 
p=37 t=34 A=2..35 wit=6 13 2 14 9 5 11 27 20 35 21 25 8 17 18 15 10 30 32 16 24 28 23 3 12 19 33 34 26 29 4 31 22 7 
p=41 t=38 A=2..39 wit=25 20 9 11 10 2 32 24 27 30 31 7 8 29 13 26 21 33 39 34 12 14 23 6 4 16 35 36 15 22 3 18 28 5 38 37 17 19 
p=43 t=40 A=2..41 wit=17 9 5 31 8 34 32 13 14 37 24 4 23 29 18 33 21 2 39 38 36 20 7 11 15 35 3 6 40 27 30 22 28 12 41 25 10 16 26 19 
p=47 t=44 A=2..45 wit=2 8 14 6 35 32 29 19 22 12 16 24 36 17 21 18 39 34 31 20 33 25 23 15 38 28 27 30 5 40 41 7 45 43 26 4 44 37 11 10 42 3 9 13 
p=53 t=50 A=2..51 wit=29 6 48 15 19 4 23 49 2 42 46 41 35 7 51 8 20 22 32 5 24 21 9 33 12 30 13 34 3 38 37 39 40 18 26 16 43 27 45 47 10 31 50 28 11 44 17 25 14 36 
p=59 t=56 A=2..57 wit=11 15 12 16 27 57 25 44 39 31 19 32 53 49 45 2 23 50 6 38 52 34 51 17 33 4 54 21 18 42 56 43 26 9 47 7 37 5 20 46 8 36 29 24 40 3 48 14 55 10 35 28 41 13 30 22 
p=61 t=58 A=2..59 wit=28 34 12 50 43 19 13 5 27 17 38 7 46 32 47 20 24 59 57 18 26 10 56 21 22 9 51 25 44 8 36 29 52 23 53 2 4 58 41 48 3 49 30 16 55 15 11 54 37 33 45 6 14 40 35 31 39 42 
