p=23 t=2 rank=0 tier=1 A=1,2 wit=2,1
p=23 t=3 rank=0 tier=1 A=1,2,3 wit=2,3,1
p=23 t=4 rank=0 tier=1 A=1,2,3,4 wit=2,4,1,3
p=23 t=4 rank=1000 tier=1 A=1,9,13,15 wit=13,9,15,1
p=23 t=5 rank=0 tier=1 A=1,2,3,4,5 wit=5,2,1,3,4
p=23 t=5 rank=3000 tier=1 A=1,5,6,13,14 wit=1,13,6,5,14
p=23 t=6 rank=0 tier=1 A=1,2,3,4,5,6 wit=3,2,6,4,1,5
p=23 t=6 rank=1000 tier=1 A=1,2,4,5,8,9 wit=5,8,1,9,2,4
p=23 t=6 rank=5000 tier=1 A=1,3,4,6,8,13 wit=1,13,8,3,4,6
p=23 t=6 rank=6000 tier=1 A=1,3,5,9,12,13 wit=1,9,13,3,12,5
p=23 t=6 rank=10000 tier=1 A=1,4,7,8,12,16 wit=8,4,16,1,7,12
p=23 t=6 rank=12000 tier=1 A=1,5,6,9,12,13 wit=9,1,12,13,5,6
p=23 t=6 rank=14000 tier=1 A=1,5,13,16,17,18 wit=18,16,17,1,13,5
p=23 t=6 rank=16000 tier=1 A=1,7,8,9,11,19 wit=8,19,1,9,11,7
p=23 t=7 rank=0 tier=1 A=1,2,3,4,5,6,7 wit=2,6,7,1,3,4,5
p=23 t=7 rank=4000 tier=1 A=1,2,4,5,7,8,13 wit=7,1,5,8,13,4,2
p=23 t=7 rank=7000 tier=1 A=1,2,5,6,7,13,18 wit=5,18,2,1,13,6,7
p=23 t=7 rank=16000 tier=1 A=1,3,4,5,11,16,19 wit=1,11,16,4,5,3,19
p=23 t=7 rank=17000 tier=1 A=1,3,4,7,11,14,17 wit=4,14,17,7,3,11,1
p=23 t=7 rank=20000 tier=1 A=1,3,5,9,10,18,20 wit=10,20,18,1,5,3,9
p=23 t=7 rank=21000 tier=1 A=1,3,6,7,8,14,16 wit=3,1,7,14,8,6,16
p=23 t=7 rank=30000 tier=1 A=1,4,6,8,9,13,14 wit=4,8,13,6,9,1,14
p=23 t=7 rank=34000 tier=1 A=1,4,9,11,14,15,17 wit=15,14,11,4,9,1,17
p=23 t=7 rank=45000 tier=1 A=1,6,10,11,12,17,19 wit=6,11,1,17,12,19,10
p=23 t=8 rank=0 tier=1 A=1,2,3,4,5,6,7,8 wit=6,8,4,3,1,2,7,5
p=23 t=8 rank=16000 tier=1 A=1,2,4,7,8,11,15,17 wit=7,11,4,15,1,8,17,2
p=23 t=8 rank=39000 tier=1 A=1,3,4,5,6,9,14,17 wit=5,14,6,9,1,3,17,4
p=23 t=8 rank=59000 tier=1 A=1,3,7,9,10,13,16,17 wit=3,10,7,1,13,17,9,16
p=23 t=8 rank=67000 tier=1 A=1,4,5,6,10,11,12,16 wit=5,6,11,10,16,1,4,12
p=23 t=8 rank=68000 tier=1 A=1,4,5,7,8,14,16,18 wit=8,16,5,7,4,18,14,1
p=23 t=8 rank=77000 tier=1 A=1,4,7,8,11,13,14,16 wit=8,1,16,13,4,11,7,14
p=23 t=8 rank=89000 tier=1 A=1,5,7,8,9,13,15,18 wit=15,8,1,9,18,7,5,13
p=23 t=8 rank=97000 tier=1 A=1,6,7,8,9,13,14,17 wit=17,14,13,1,6,7,8,9
p=23 t=8 rank=103000 tier=1 A=1,6,9,14,15,16,17,20 wit=9,14,17,1,6,15,20,16
p=23 t=9 rank=0 tier=1 A=1,2,3,4,5,6,7,8,9 wit=5,3,9,1,6,8,4,2,7
p=23 t=9 rank=2000 tier=1 A=1,2,3,4,5,11,15,17,18 wit=17,15,2,5,3,1,18,11,4
p=23 t=9 rank=3000 tier=1 A=1,2,3,4,6,8,11,14,17 wit=8,1,14,2,3,11,6,4,17
p=23 t=9 rank=5000 tier=1 A=1,2,3,4,7,10,14,17,19 wit=19,1,14,7,4,10,3,17,2
p=23 t=9 rank=13000 tier=1 A=1,2,3,5,9,11,12,16,19 wit=2,12,3,16,19,5,1,11,9
p=23 t=9 rank=20000 tier=1 A=1,2,3,7,8,14,15,16,18 wit=3,8,2,15,1,16,18,14,7
p=23 t=9 rank=34000 tier=1 A=1,2,4,6,7,10,11,15,19 wit=1,2,10,6,19,15,4,11,7
p=23 t=9 rank=35000 tier=1 A=1,2,4,6,8,10,11,15,18 wit=2,1,8,4,18,11,10,15,6
p=23 t=9 rank=37000 tier=1 A=1,2,4,6,11,12,17,19,20 wit=4,12,19,17,2,1,11,6,20
p=23 t=9 rank=51000 tier=1 A=1,2,5,7,8,15,16,18,19 wit=7,1,18,2,5,8,19,15,16
p=23 t=9 rank=78000 tier=1 A=1,3,4,5,6,8,9,12,15 wit=9,4,3,5,8,12,1,15,6
p=23 t=9 rank=79000 tier=1 A=1,3,4,5,6,11,18,19,20 wit=6,20,19,3,5,4,1,11,18
p=23 t=9 rank=80000 tier=1 A=1,3,4,5,7,10,11,13,14 wit=14,10,7,5,3,4,13,11,1
p=23 t=9 rank=90000 tier=1 A=1,3,4,7,10,12,14,16,17 wit=3,10,7,14,12,1,16,4,17
p=23 t=9 rank=96000 tier=1 A=1,3,4,14,15,16,17,18,19 wit=4,3,18,14,16,15,17,19,1
p=23 t=9 rank=97000 tier=1 A=1,3,5,6,7,11,13,14,16 wit=14,3,5,1,16,13,7,6,11
p=23 t=9 rank=98000 tier=1 A=1,3,5,6,8,11,13,14,15 wit=11,1,6,5,14,15,13,3,8
p=23 t=9 rank=104000 tier=1 A=1,3,5,8,9,13,15,18,20 wit=5,3,9,15,20,18,13,8,1
p=23 t=9 rank=110000 tier=1 A=1,3,6,7,9,13,15,17,18 wit=15,6,13,17,1,18,3,9,7
p=23 t=9 rank=114000 tier=1 A=1,3,6,9,11,12,14,15,20 wit=3,15,12,6,14,11,9,20,1
p=23 t=9 rank=128000 tier=1 A=1,4,5,6,7,8,10,12,16 wit=12,4,8,16,5,7,1,6,10
p=23 t=9 rank=142000 tier=1 A=1,4,6,7,10,11,12,13,14 wit=12,11,10,14,13,4,7,6,1
p=23 t=9 rank=146000 tier=1 A=1,4,6,9,11,14,15,18,20 wit=4,6,18,14,11,9,15,1,20
p=23 t=9 rank=151000 tier=1 A=1,4,7,9,11,14,15,17,19 wit=19,14,4,7,11,9,17,15,1
p=23 t=9 rank=154000 tier=1 A=1,4,8,9,11,14,15,16,21 wit=1,9,8,11,15,4,14,21,16
p=23 t=9 rank=155000 tier=1 A=1,4,8,10,12,14,15,16,19 wit=4,12,15,16,8,19,1,14,10
p=23 t=9 rank=161000 tier=1 A=1,5,6,7,9,11,13,14,17 wit=5,13,14,17,1,7,11,9,6
p=23 t=9 rank=163000 tier=1 A=1,5,6,8,9,11,13,14,15 wit=6,9,8,1,11,5,13,15,14
p=23 t=10 rank=0 tier=1 A=1,2,3,4,5,6,7,8,9,10 wit=4,6,10,2,1,8,5,3,9,7
p=23 t=10 rank=1000 tier=1 A=1,2,3,4,5,6,9,13,16,17 wit=17,5,9,4,16,6,13,2,3,1
p=23 t=10 rank=2000 tier=1 A=1,2,3,4,5,7,8,11,16,19 wit=16,1,7,19,3,2,11,8,5,4
p=23 t=10 rank=5000 tier=1 A=1,2,3,4,5,10,11,14,18,19 wit=10,5,19,2,14,4,11,3,18,1
p=23 t=10 rank=19000 tier=1 A=1,2,3,5,6,7,9,11,12,19 wit=19,6,7,3,11,5,12,1,9,2
p=23 t=10 rank=23000 tier=1 A=1,2,3,5,7,8,9,11,12,15 wit=12,1,8,11,9,15,7,3,5,2
p=23 t=10 rank=26000 tier=1 A=1,2,3,5,8,9,10,12,14,16 wit=12,1,5,3,2,9,8,16,14,10
p=23 t=10 rank=34000 tier=1 A=1,2,3,6,8,9,10,12,13,16 wit=3,2,8,1,9,6,13,12,10,16
p=23 t=10 rank=36000 tier=1 A=1,2,3,6,9,10,11,13,15,18 wit=10,3,2,13,11,18,9,6,1,15
p=23 t=10 rank=44000 tier=1 A=1,2,3,8,9,10,11,13,14,17 wit=13,9,3,14,8,2,1,10,17,11
p=23 t=10 rank=54000 tier=1 A=1,2,4,5,6,11,12,14,15,16 wit=2,6,15,12,1,16,4,5,11,14
p=23 t=10 rank=63000 tier=1 A=1,2,4,6,7,8,9,15,17,18 wit=17,8,18,1,2,7,4,15,9,6
p=23 t=10 rank=66000 tier=1 A=1,2,4,6,8,9,11,12,14,19 wit=4,8,2,9,1,14,19,11,6,12
p=23 t=10 rank=102000 tier=1 A=1,2,6,7,8,9,11,15,18,19 wit=6,7,8,1,19,15,18,9,2,11
p=23 t=10 rank=117000 tier=1 A=1,2,7,9,11,12,14,16,17,18 wit=14,11,16,12,17,2,7,18,1,9
p=23 t=10 rank=132000 tier=1 A=1,3,4,5,7,9,15,17,18,20 wit=17,5,1,20,15,9,7,4,18,3
p=23 t=10 rank=144000 tier=1 A=1,3,4,6,9,11,13,15,17,18 wit=9,15,6,1,3,18,11,4,17,13
p=23 t=10 rank=147000 tier=1 A=1,3,4,7,8,9,15,16,17,19 wit=16,19,9,8,17,1,3,4,7,15
p=23 t=10 rank=149000 tier=1 A=1,3,4,7,9,11,13,15,16,18 wit=3,11,15,16,1,4,9,18,7,13
p=23 t=10 rank=163000 tier=1 A=1,3,5,6,9,10,12,14,15,16 wit=3,6,12,14,16,9,15,10,1,5
p=23 t=10 rank=187000 tier=1 A=1,3,6,10,11,12,13,15,17,18 wit=17,18,15,3,11,13,1,6,10,12
p=23 t=10 rank=196000 tier=1 A=1,3,8,9,11,12,14,15,17,19 wit=19,1,14,17,8,11,15,9,12,3
p=23 t=10 rank=208000 tier=1 A=1,4,5,6,10,11,13,15,17,20 wit=5,15,11,13,4,20,17,10,6,1
p=23 t=10 rank=211000 tier=1 A=1,4,5,7,8,11,14,16,18,19 wit=8,16,4,14,11,5,1,19,7,18
p=23 t=10 rank=216000 tier=1 A=1,4,5,8,10,11,13,15,16,17 wit=15,17,10,16,5,1,11,8,13,4
p=23 t=10 rank=221000 tier=1 A=1,4,6,7,8,9,10,11,12,13 wit=13,10,9,12,8,11,7,6,4,1
p=23 t=10 rank=222000 tier=1 A=1,4,6,7,8,10,13,14,15,16 wit=15,1,6,14,10,8,4,16,13,7
p=23 t=10 rank=233000 tier=1 A=1,4,7,8,9,11,12,15,16,18 wit=4,1,16,18,15,12,9,7,11,8
p=23 t=10 rank=239000 tier=1 A=1,4,8,9,10,11,13,14,15,21 wit=15,11,4,13,14,21,10,9,8,1
p=23 t=10 rank=257000 tier=1 A=1,5,7,8,9,10,12,16,17,18 wit=18,10,17,5,12,7,8,9,16,1
p=23 t=11 rank=0 tier=1 A=1,2,3,4,5,6,7,8,9,10,11 wit=4,1,9,5,6,10,3,8,7,2,11
p=23 t=11 rank=1000 tier=1 A=1,2,3,4,5,6,7,11,16,17,18 wit=6,16,2,17,7,18,3,11,5,1,4
p=23 t=11 rank=32000 tier=1 A=1,2,3,5,6,7,8,9,13,15,18 wit=3,5,15,7,8,1,13,6,2,18,9
p=23 t=11 rank=42000 tier=1 A=1,2,3,5,7,9,10,12,13,14,16 wit=9,5,13,7,1,3,2,14,12,10,16
p=23 t=11 rank=63000 tier=1 A=1,2,3,7,8,9,10,13,14,15,19 wit=19,14,10,15,13,2,1,9,3,7,8
p=23 t=11 rank=64000 tier=1 A=1,2,3,7,8,10,11,12,13,14,16 wit=12,1,13,3,11,7,10,14,16,2,8
p=23 t=11 rank=80000 tier=1 A=1,2,4,5,6,8,11,14,15,16,18 wit=18,6,1,15,2,14,16,4,5,11,8
p=23 t=11 rank=87000 tier=1 A=1,2,4,5,7,10,11,13,14,15,17 wit=13,15,1,4,11,14,2,10,7,17,5
p=23 t=11 rank=105000 tier=1 A=1,2,4,6,10,11,13,14,17,18,19 wit=14,2,4,10,11,1,17,19,18,13,6
p=23 t=11 rank=120000 tier=1 A=1,2,5,6,7,8,9,15,17,18,19 wit=6,1,17,19,5,15,9,7,8,18,2
p=23 t=11 rank=133000 tier=1 A=1,2,5,7,8,11,12,15,16,17,19 wit=2,15,12,8,16,11,17,19,1,7,5
p=23 t=11 rank=146000 tier=1 A=1,2,6,7,8,11,13,15,16,18,19 wit=11,8,18,7,1,16,15,6,13,2,19
p=23 t=11 rank=154000 tier=1 A=1,2,6,9,10,12,13,14,16,17,18 wit=1,6,14,13,9,18,10,17,12,2,16
p=23 t=11 rank=168000 tier=1 A=1,3,4,5,6,7,8,9,10,15,18 wit=5,9,7,8,3,4,10,15,1,18,6
p=23 t=11 rank=172000 tier=1 A=1,3,4,5,6,8,10,13,15,17,21 wit=15,17,8,13,21,1,4,10,5,6,3
p=23 t=11 rank=174000 tier=1 A=1,3,4,5,6,9,13,14,15,16,17 wit=13,3,14,17,1,16,5,6,9,4,15
p=23 t=11 rank=178000 tier=1 A=1,3,4,5,7,9,10,11,12,17,18 wit=7,1,5,9,18,12,17,4,10,11,3
p=23 t=11 rank=202000 tier=1 A=1,3,4,7,9,10,11,13,15,16,18 wit=9,7,4,13,15,1,18,10,11,3,16
p=23 t=11 rank=207000 tier=1 A=1,3,4,8,10,11,12,13,14,15,17 wit=3,1,14,15,13,8,4,10,12,17,11
p=23 t=11 rank=212000 tier=1 A=1,3,5,6,7,8,9,11,13,16,19 wit=5,7,1,6,13,9,16,3,11,8,19
p=23 t=11 rank=246000 tier=1 A=1,3,6,9,10,11,12,14,16,17,18 wit=16,1,14,18,6,3,12,17,9,11,10
p=23 t=11 rank=261000 tier=1 A=1,4,5,6,7,8,9,15,17,18,21 wit=9,18,17,7,8,21,5,15,6,1,4
p=23 t=11 rank=286000 tier=1 A=1,4,6,7,8,10,11,12,15,16,18 wit=18,1,16,11,15,7,6,8,4,10,12
p=23 t=11 rank=301000 tier=1 A=1,4,7,9,10,11,12,13,16,17,19 wit=9,7,17,16,19,13,1,12,4,11,10
p=23 t=11 rank=302000 tier=1 A=1,4,7,9,11,12,14,15,16,17,18 wit=17,4,1,9,7,15,11,18,12,14,16
p=23 t=11 rank=310000 tier=1 A=1,5,6,7,8,9,13,14,15,17,19 wit=14,9,5,8,13,15,7,17,19,6,1
p=23 t=11 rank=313000 tier=1 A=1,5,6,7,9,11,13,14,17,18,20 wit=9,17,20,13,7,18,1,11,6,14,5
p=23 t=11 rank=330000 tier=1 A=1,5,8,10,11,12,13,14,16,17,18 wit=11,1,10,5,16,8,18,17,14,13,12
p=23 t=11 rank=351000 tier=1 A=1,8,10,11,12,13,14,15,16,17,18 wit=10,18,1,12,8,14,13,17,15,16,11
p=23 t=12 rank=0 tier=1 A=1,2,3,4,5,6,7,8,9,10,11,12 wit=2,10,3,7,11,4,9,5,8,6,1,12
p=23 t=12 rank=23000 tier=1 A=1,2,3,4,6,7,10,11,15,16,17,21 wit=1,15,17,7,3,2,4,6,16,11,21,10
p=23 t=12 rank=49000 tier=1 A=1,2,3,5,6,8,9,10,12,15,17,20 wit=12,17,1,10,3,2,6,9,5,15,20,8
p=23 t=12 rank=54000 tier=2 A=1,2,3,5,6,10,12,13,15,16,17,18 wit=6,3,18,1,2,12,17,5,13,15,16,10
p=23 t=12 rank=59000 tier=1 A=1,2,3,5,7,9,11,12,13,14,16,17 wit=3,12,14,1,2,11,17,9,5,16,13,7
p=23 t=12 rank=79000 tier=1 A=1,2,3,6,9,11,12,14,15,17,18,19 wit=17,1,18,14,12,15,11,6,19,9,3,2
p=23 t=12 rank=96000 tier=1 A=1,2,4,5,6,7,10,12,13,14,15,19 wit=12,14,19,15,7,4,5,2,6,13,1,10
p=23 t=12 rank=98000 tier=2 A=1,2,4,5,6,8,9,11,13,14,15,18 wit=11,14,2,13,4,18,15,5,9,6,1,8
p=23 t=12 rank=99000 tier=1 A=1,2,4,5,6,8,10,12,13,14,15,16 wit=13,2,1,15,16,6,14,4,10,5,12,8
p=23 t=12 rank=104000 tier=1 A=1,2,4,5,7,8,9,10,12,13,16,19 wit=16,2,8,10,12,4,1,5,19,13,7,9
p=23 t=12 rank=109000 tier=1 A=1,2,4,5,7,10,12,13,14,15,16,18 wit=4,1,7,10,2,12,13,15,5,14,18,16
p=23 t=12 rank=119000 tier=1 A=1,2,4,6,7,8,11,13,14,16,17,20 wit=8,4,14,7,20,16,1,13,11,17,2,6
p=23 t=12 rank=124000 tier=1 A=1,2,4,6,8,9,11,12,14,15,16,18 wit=14,9,8,12,16,15,6,18,11,1,4,2
p=23 t=12 rank=136000 tier=1 A=1,2,4,8,9,10,11,12,13,14,16,17 wit=1,14,4,11,13,8,17,12,2,10,16,9
p=23 t=12 rank=139000 tier=1 A=1,2,4,9,10,11,12,13,14,15,16,21 wit=14,4,9,13,12,16,1,21,10,11,15,2
p=23 t=12 rank=141000 tier=1 A=1,2,5,6,7,8,9,10,11,12,13,16 wit=12,9,13,16,1,5,8,6,2,10,7,11
p=23 t=12 rank=175000 tier=1 A=1,2,6,9,10,11,13,14,15,16,17,20 wit=9,2,16,1,10,15,17,20,14,13,11,6
p=23 t=12 rank=185000 tier=1 A=1,3,4,5,6,7,8,9,11,12,16,17 wit=16,4,9,7,1,8,6,5,11,17,3,12
p=23 t=12 rank=200000 tier=1 A=1,3,4,5,7,9,11,12,13,14,16,19 wit=7,16,11,1,14,3,19,12,13,5,4,9
p=23 t=12 rank=201000 tier=1 A=1,3,4,5,7,10,11,12,14,15,16,18 wit=7,3,5,14,15,18,16,4,1,11,10,12
p=23 t=12 rank=202000 tier=1 A=1,3,4,5,7,11,12,14,16,17,18,19 wit=14,17,12,19,5,4,7,1,3,16,18,11
p=23 t=12 rank=222000 tier=1 A=1,3,4,7,8,9,10,11,12,15,16,17 wit=8,7,10,17,11,16,1,9,3,4,12,15
p=23 t=12 rank=234000 tier=1 A=1,3,5,6,7,8,9,11,13,14,16,19 wit=16,19,6,7,1,11,14,8,9,5,3,13
p=23 t=12 rank=235000 tier=1 A=1,3,5,6,7,8,10,12,13,14,16,17 wit=14,12,1,13,6,5,16,10,7,3,17,8
p=23 t=12 rank=242000 tier=1 A=1,3,5,6,8,10,12,13,14,15,18,19 wit=19,14,13,8,5,12,3,6,1,10,18,15
p=23 t=12 rank=286000 tier=1 A=1,4,5,6,8,10,13,14,15,16,17,19 wit=4,5,15,19,6,13,14,8,16,10,1,17
p=23 t=12 rank=288000 tier=1 A=1,4,5,6,9,11,12,13,15,17,19,20 wit=13,12,20,17,19,15,4,11,9,1,5,6
p=23 t=12 rank=304000 tier=1 A=1,4,6,7,8,10,14,15,16,17,18,19 wit=8,17,7,1,14,18,15,6,19,10,16,4
p=23 t=13 rank=0 tier=1 A=1,2,3,4,5,6,7,8,9,10,11,12,13 wit=10,3,4,11,7,6,2,1,8,9,12,5,13
p=23 t=13 rank=1000 tier=1 A=1,2,3,4,5,6,7,8,10,13,14,15,16 wit=15,6,5,1,2,3,4,7,13,8,10,14,16
p=23 t=13 rank=12000 tier=1 A=1,2,3,4,5,7,8,9,11,12,15,16,18 wit=8,3,4,2,16,18,11,5,1,15,12,9,7
p=23 t=13 rank=17000 tier=2 A=1,2,3,4,5,7,10,14,15,16,17,18,20 wit=20,17,10,14,4,7,5,3,1,18,2,16,15
p=23 t=13 rank=38000 tier=1 A=1,2,3,4,7,8,9,11,12,13,15,16,17 wit=16,13,1,17,8,11,7,15,2,12,3,9,4
p=23 t=13 rank=43000 tier=1 A=1,2,3,4,7,10,13,14,15,16,17,18,19 wit=16,18,17,10,14,15,1,19,2,13,3,4,7
p=23 t=13 rank=49000 tier=1 A=1,2,3,5,6,7,8,9,10,14,15,18,19 wit=19,2,5,1,6,14,15,18,9,10,7,8,3
p=23 t=13 rank=51000 tier=1 A=1,2,3,5,6,7,8,11,13,16,17,18,19 wit=19,5,1,3,17,7,8,2,16,11,6,18,13
p=23 t=13 rank=64000 tier=2 A=1,2,3,5,7,8,10,13,15,16,18,19,20 wit=1,16,3,19,13,20,8,10,2,18,7,5,15
p=23 t=13 rank=69000 tier=1 A=1,2,3,5,8,9,11,12,14,15,18,19,20 wit=11,1,5,9,20,19,18,14,8,3,2,12,15
p=23 t=13 rank=71000 tier=1 A=1,2,3,5,9,10,11,12,13,15,17,18,20 wit=3,15,10,5,20,17,12,1,2,18,11,13,9
p=23 t=13 rank=73000 tier=2 A=1,2,3,6,7,8,9,10,11,12,15,17,18 wit=15,8,12,10,11,18,2,7,17,9,1,6,3
p=23 t=13 rank=82000 tier=2 A=1,2,3,6,8,11,12,14,15,16,17,18,20 wit=16,20,2,12,14,11,18,1,15,17,8,3,6
p=23 t=13 rank=93000 tier=1 A=1,2,4,5,6,7,8,9,11,13,14,16,17 wit=9,5,14,6,8,4,7,13,2,16,1,11,17
p=23 t=13 rank=120000 tier=2 A=1,2,4,6,7,8,13,14,15,16,17,18,19 wit=8,14,4,18,19,1,6,15,13,7,2,17,16
p=23 t=13 rank=156000 tier=1 A=1,2,6,7,8,9,10,11,15,16,18,19,20 wit=19,11,1,20,8,9,15,18,7,2,6,10,16
p=23 t=13 rank=160000 tier=1 A=1,2,6,7,10,11,12,14,15,16,17,18,19 wit=2,12,16,14,1,7,17,19,15,6,11,10,18
p=23 t=13 rank=171000 tier=1 A=1,3,4,5,6,7,9,10,11,12,14,15,17 wit=14,10,11,3,5,9,15,6,7,17,12,1,4
p=23 t=13 rank=181000 tier=1 A=1,3,4,5,7,8,9,10,11,13,16,17,19 wit=16,4,8,10,19,7,9,3,5,11,1,13,17
p=23 t=13 rank=186000 tier=2 A=1,3,4,5,7,10,11,12,13,14,16,17,19 wit=4,14,7,5,19,13,17,3,10,11,1,12,16
p=23 t=13 rank=202000 tier=1 A=1,3,4,6,9,10,11,13,14,16,17,19,21 wit=3,17,11,14,13,9,16,19,1,21,4,6,10
p=23 t=13 rank=203000 tier=1 A=1,3,4,6,10,11,12,13,14,15,16,18,19 wit=11,10,12,13,19,1,18,16,6,15,3,4,14
p=23 t=13 rank=207000 tier=1 A=1,3,4,7,9,10,11,13,14,16,17,18,19 wit=11,10,7,14,16,19,9,3,18,1,17,4,13
p=23 t=13 rank=208000 tier=1 A=1,3,4,7,10,11,12,13,14,15,16,17,18 wit=1,13,11,16,17,18,14,10,12,3,15,7,4
p=23 t=13 rank=220000 tier=2 A=1,3,5,6,8,10,11,12,14,15,16,18,19 wit=6,12,18,15,11,19,14,16,5,3,10,1,8
p=23 t=13 rank=225000 tier=1 A=1,3,5,7,8,10,11,12,14,15,16,17,18 wit=18,7,1,5,11,16,15,17,3,14,8,10,12
p=23 t=13 rank=235000 tier=1 A=1,3,6,7,9,11,12,13,14,16,17,19,20 wit=1,7,9,17,16,3,12,6,19,20,11,14,13
p=23 t=13 rank=255000 tier=1 A=1,4,5,7,8,9,10,11,12,13,14,18,19 wit=13,1,19,7,5,8,4,9,12,18,14,11,10
p=23 t=13 rank=258000 tier=2 A=1,4,5,7,9,10,11,12,13,14,15,19,20 wit=20,12,13,7,4,14,15,1,19,5,9,11,10
p=23 t=13 rank=260000 tier=1 A=1,4,5,8,9,10,11,12,13,14,15,18,21 wit=13,5,9,18,8,4,1,21,15,12,14,10,11
p=23 t=13 rank=263000 tier=1 A=1,4,6,7,8,9,10,11,12,13,14,16,20 wit=10,1,20,14,6,13,8,16,11,7,9,12,4
p=23 t=13 rank=266000 tier=2 A=1,4,6,7,9,10,11,12,13,14,15,17,19 wit=1,17,13,11,9,7,10,15,19,6,14,4,12
p=23 t=13 rank=270000 tier=1 A=1,4,6,9,10,11,12,13,14,15,16,17,21 wit=16,11,21,10,14,12,13,17,15,6,9,1,4
p=23 t=13 rank=271000 tier=1 A=1,4,7,8,9,10,11,12,13,14,15,16,19 wit=16,4,8,9,19,13,11,14,1,12,7,10,15
p=23 t=13 rank=272000 tier=1 A=1,4,7,8,9,11,13,14,15,16,17,18,19 wit=11,16,8,9,15,17,19,14,7,1,4,13,18
p=23 t=13 rank=273000 tier=1 A=1,4,7,9,10,11,12,13,14,15,16,17,18 wit=16,7,14,12,9,18,17,1,15,11,13,4,10
p=23 t=13 rank=278000 tier=2 A=1,5,6,7,8,11,12,14,15,16,17,18,19 wit=1,5,19,7,14,12,15,16,11,6,8,17,18
p=23 t=13 rank=288000 tier=1 A=1,6,7,8,9,10,11,13,14,15,16,18,20 wit=11,9,20,18,6,7,13,15,14,8,16,1,10
p=23 t=14 rank=0 tier=2 A=1,2,3,4,5,6,7,8,9,10,11,12,13,14 wit=3,12,5,7,13,6,10,4,11,14,2,1,9,8
p=23 t=14 rank=5000 tier=1 A=1,2,3,4,5,6,7,10,11,13,15,17,18,19 wit=5,13,2,4,3,11,10,15,19,6,7,18,1,17
p=23 t=14 rank=6000 tier=2 A=1,2,3,4,5,6,7,11,13,16,17,18,19,20 wit=7,1,3,17,18,16,6,13,20,5,19,11,4,2
p=23 t=14 rank=34000 tier=2 A=1,2,3,4,6,9,10,11,13,14,15,16,17,18 wit=14,2,9,3,6,18,11,15,13,1,10,16,4,17
p=23 t=14 rank=44000 tier=1 A=1,2,3,5,6,7,8,9,10,11,14,17,18,21 wit=10,21,18,17,2,8,5,3,9,1,14,7,11,6
p=23 t=14 rank=84000 tier=1 A=1,2,4,5,6,8,10,11,13,14,15,17,18,19 wit=19,13,5,15,2,10,18,17,14,4,1,8,11,6
p=23 t=14 rank=91000 tier=2 A=1,2,4,5,7,9,11,12,15,16,17,18,19,21 wit=4,21,18,11,2,16,12,19,17,7,9,1,15,5
p=23 t=14 rank=97000 tier=1 A=1,2,4,6,7,8,10,11,13,14,15,16,17,20 wit=13,8,16,4,20,11,7,15,6,1,14,17,10,2
p=23 t=14 rank=126000 tier=2 A=1,3,4,5,6,7,8,9,10,11,12,13,19,20 wit=8,4,7,6,20,19,9,5,11,10,3,1,12,13
p=23 t=14 rank=138000 tier=1 A=1,3,4,5,7,8,9,10,12,14,15,16,17,20 wit=20,17,16,12,10,3,8,4,14,1,5,7,9,15
p=23 t=14 rank=148000 tier=2 A=1,3,4,6,7,8,11,12,13,15,16,17,19,20 wit=11,13,20,4,6,1,3,15,16,19,12,17,7,8
p=23 t=15 rank=0 tier=2 A=1,2,3,4,5,6,7,8,9,10,11,12,13,14,15 wit=1,8,10,7,4,11,3,14,15,12,9,13,2,6,5
p=23 t=15 rank=33000 tier=2 A=1,2,3,5,6,7,8,9,11,13,14,15,16,17,18 wit=2,15,5,16,8,9,11,6,18,13,1,7,14,3,17
p=23 t=15 rank=81000 tier=2 A=1,3,4,5,6,7,9,10,12,13,14,15,17,18,19 wit=14,9,1,15,19,18,6,4,5,12,17,13,3,10,7
p=23 t=16 rank=0 tier=2 A=1,2,3,4,5,6,7,8,9,10,11,12,13,14,15,16 wit=10,3,1,4,11,6,5,15,16,13,7,12,8,9,2,14
p=23 t=17 rank=0 tier=2 A=1,2,3,4,5,6,7,8,9,10,11,12,13,14,15,16,17 wit=1,13,5,7,17,11,8,9,15,10,3,2,14,6,12,16,4
p=23 t=17 rank=16000 tier=2 A=1,3,4,5,6,7,8,9,11,12,13,14,15,16,17,18,20 wit=4,17,18,7,1,14,15,12,3,13,8,9,5,6,20,11,16
p=23 t=18 rank=0 tier=2 A=1,2,3,4,5,6,7,8,9,10,11,12,13,14,15,16,17,18 wit=12,5,10,3,18,1,13,16,6,4,15,2,7,8,9,17,14,11
p=23 t=19 rank=0 tier=2 A=1,2,3,4,5,6,7,8,9,10,11,12,13,14,15,16,17,18,19 wit=11,7,10,5,13,1,8,4,18,6,12,14,3,19,9,17,16,15,2
p=23 t=20 rank=0 tier=2 A=1,2,3,4,5,6,7,8,9,10,11,12,13,14,15,16,17,18,19,20 wit=19,18,2,17,12,9,13,15,10,6,11,7,1,5,20,16,14,4,3,8
p=23 t=21 rank=0 tier=2 A=1,2,3,4,5,6,7,8,9,10,11,12,13,14,15,16,17,18,19,20,21 wit=6,13,2,19,8,14,21,4,18,20,12,5,7,9,11,1,3,16,10,15,17
p=23 t=22 rank=0 tier=2 A=1,2,3,4,5,6,7,8,9,10,11,12,13,14,15,16,17,18,19,20,21,22 wit=22,6,19,3,21,8,16,13,2,20,5,14,1,17,7,4,15,12,10,11,18,9
