p=17 t=2 rank=0 tier=1 A=1,2 wit=2,1
p=17 t=3 rank=0 tier=1 A=1,2,3 wit=2,1,3
p=17 t=4 rank=0 tier=1 A=1,2,3,4 wit=2,1,4,3
p=17 t=5 rank=0 tier=1 A=1,2,3,4,5 wit=1,5,2,3,4
p=17 t=5 rank=1000 tier=1 A=1,5,10,11,12 wit=12,11,5,10,1
p=17 t=6 rank=0 tier=1 A=1,2,3,4,5,6 wit=6,2,3,5,4,1
p=17 t=7 rank=0 tier=1 A=1,2,3,4,5,6,7 wit=6,1,2,4,5,3,7
p=17 t=7 rank=1000 tier=1 A=1,2,4,7,8,9,10 wit=2,8,4,1,10,9,7
p=17 t=8 rank=0 tier=1 A=1,2,3,4,5,6,7,8 wit=1,2,6,8,4,7,5,3
p=17 t=8 rank=5000 tier=1 A=1,4,5,7,9,11,12,13 wit=5,4,12,9,1,13,7,11
p=17 t=9 rank=0 tier=1 A=1,2,3,4,5,6,7,8,9 wit=6,1,8,7,4,3,5,2,9
p=17 t=10 rank=0 tier=2 A=1,2,3,4,5,6,7,8,9,10 wit=2,5,9,10,8,6,4,3,7,1
p=17 t=11 rank=0 tier=2 A=1,2,3,4,5,6,7,8,9,10,11 wit=8,6,5,11,10,3,1,2,9,7,4
p=17 t=12 rank=0 tier=1 A=1,2,3,4,5,6,7,8,9,10,11,12 wit=9,4,11,5,3,10,6,7,12,1,2,8
p=17 t=13 rank=0 tier=2 A=1,2,3,4,5,6,7,8,9,10,11,12,13 wit=8,5,11,3,10,12,2,9,13,7,6,1,4
p=17 t=14 rank=0 tier=2 A=1,2,3,4,5,6,7,8,9,10,11,12,13,14 wit=9,4,12,11,13,7,6,1,5,10,8,3,2,14
p=17 t=15 rank=0 tier=2 A=1,2,3,4,5,6,7,8,9,10,11,12,13,14,15 wit=6,13,1,11,10,14,9,4,5,7,3,12,15,8,2
p=17 t=16 rank=0 tier=2 A=1,2,3,4,5,6,7,8,9,10,11,12,13,14,15,16 wit=3,6,14,9,1,13,16,10,15,5,7,11,2,12,8,4
