p=41 t=28 rank=0 tier=2 A=1,2,3,4,5,6,7,8,9,10,11,12,13,14,15,16,17,18,19,20,21,22,23,24,25,26,27,28 wit=13,2,21,28,25,26,16,17,20,18,8,4,24,14,19,10,22,3,23,9,7,1,12,6,27,15,11,5
p=41 t=28 rank=1800000 tier=2 A=1,2,3,4,5,6,7,8,9,10,11,12,13,14,15,16,18,20,22,23,24,25,27,30,31,32,33,35 wit=30,35,33,12,5,9,13,8,23,7,10,16,11,3,31,18,32,14,4,2,15,22,1,27,24,25,20,6
p=41 t=28 rank=2200000 tier=2 A=1,2,3,4,5,6,7,8,9,10,11,12,13,14,15,16,19,20,23,24,25,26,28,29,32,33,34,36 wit=7,11,14,4,32,34,6,15,23,24,13,10,2,8,26,33,28,1,36,16,19,12,25,3,9,20,29,5
p=41 t=28 rank=2800000 tier=2 A=1,2,3,4,5,6,7,8,9,10,11,12,13,14,15,17,18,19,20,22,24,25,26,28,29,32,36,37 wit=1,11,22,6,4,28,26,32,12,14,17,36,10,13,9,5,18,7,3,37,15,19,20,25,2,29,24,8
p=41 t=28 rank=3200000 tier=2 A=1,2,3,4,5,6,7,8,9,10,11,12,13,14,15,17,18,20,23,24,25,26,29,30,31,34,35,38 wit=23,6,3,5,35,34,24,14,7,8,11,20,26,29,4,38,9,18,12,10,30,17,31,1,13,15,2,25
p=41 t=28 rank=3500000 tier=2 A=1,2,3,4,5,6,7,8,9,10,11,12,13,14,15,17,19,20,21,27,28,29,30,31,32,35,36,37 wit=8,5,19,29,9,14,13,2,6,36,15,20,35,31,7,1,32,30,27,10,3,4,12,17,11,28,37,21
p=41 t=28 rank=3600000 tier=2 A=1,2,3,4,5,6,7,8,9,10,11,12,13,14,15,17,19,21,22,23,24,26,27,29,31,33,35,38 wit=23,12,26,13,11,27,8,3,17,1,14,4,9,5,38,7,2,33,24,22,31,19,6,15,10,35,21,29
p=41 t=28 rank=6400000 tier=2 A=1,2,3,4,5,6,7,8,9,10,11,12,13,14,16,17,20,23,24,25,28,29,31,32,33,35,36,38 wit=38,23,20,24,29,4,31,2,6,9,3,8,32,25,1,17,10,7,35,16,33,13,12,5,28,14,36,11
p=41 t=28 rank=7500000 tier=2 A=1,2,3,4,5,6,7,8,9,10,11,12,13,14,16,20,21,22,23,24,26,27,28,31,33,35,36,37 wit=24,20,3,12,23,7,9,4,22,13,31,26,37,2,36,28,33,6,27,1,16,10,11,21,5,8,35,14
p=41 t=28 rank=7600000 tier=2 A=1,2,3,4,5,6,7,8,9,10,11,12,13,14,16,20,22,27,28,29,30,31,32,33,34,35,37,38 wit=27,38,9,1,2,33,32,29,6,34,3,11,35,31,22,13,37,7,10,20,28,5,14,16,4,30,12,8
p=41 t=28 rank=8100000 tier=2 A=1,2,3,4,5,6,7,8,9,10,11,12,13,14,17,18,20,21,23,24,25,26,29,30,33,34,35,37 wit=24,8,13,1,10,23,20,34,11,21,18,33,2,9,25,30,35,29,7,6,37,12,5,17,3,14,4,26
p=41 t=28 rank=8200000 tier=2 A=1,2,3,4,5,6,7,8,9,10,11,12,13,14,17,18,20,23,25,27,28,29,31,32,33,34,37,38 wit=29,7,8,18,34,27,4,12,31,32,20,33,25,9,5,17,2,6,3,28,38,11,23,1,10,14,37,13
p=41 t=28 rank=10500000 tier=2 A=1,2,3,4,5,6,7,8,9,10,11,12,13,15,16,17,19,20,22,26,27,28,32,34,35,36,37,38 wit=35,32,6,11,22,5,8,17,26,7,36,20,13,19,37,10,28,2,16,27,4,9,38,1,12,3,34,15
p=41 t=28 rank=10700000 tier=2 A=1,2,3,4,5,6,7,8,9,10,11,12,13,15,16,17,19,23,25,28,29,31,32,34,35,36,37,39 wit=23,28,10,16,35,15,25,36,4,39,6,9,37,1,11,32,34,17,2,8,3,12,13,29,19,5,7,31
p=41 t=28 rank=11800000 tier=2 A=1,2,3,4,5,6,7,8,9,10,11,12,13,15,16,19,20,23,24,26,27,29,30,31,33,36,37,38 wit=9,24,37,8,2,13,27,3,1,26,5,29,4,36,12,20,38,10,6,30,33,31,11,16,7,15,23,19
p=41 t=28 rank=12500000 tier=2 A=1,2,3,4,5,6,7,8,9,10,11,12,13,15,17,18,19,24,26,27,29,30,31,32,33,35,37,38 wit=31,11,7,12,6,33,4,15,1,38,8,37,32,30,26,24,18,29,13,17,35,27,9,3,10,2,5,19
p=41 t=28 rank=13300000 tier=2 A=1,2,3,4,5,6,7,8,9,10,11,12,13,15,18,19,20,21,22,23,24,25,27,28,29,32,34,35 wit=19,6,27,2,32,3,35,7,28,20,13,9,10,24,4,21,8,22,29,25,34,18,11,23,1,5,15,12
p=41 t=28 rank=15100000 tier=2 A=1,2,3,4,5,6,7,8,9,10,11,12,13,16,17,20,21,23,24,25,26,27,28,31,32,34,36,37 wit=13,3,17,36,1,27,34,32,12,7,16,24,8,25,5,21,4,28,20,31,11,26,10,37,23,2,9,6
p=41 t=28 rank=16000000 tier=2 A=1,2,3,4,5,6,7,8,9,10,11,12,13,16,20,21,23,25,26,27,28,29,30,31,34,35,36,38 wit=27,31,4,26,3,34,30,23,21,28,8,10,9,5,29,35,38,1,36,16,7,12,25,13,6,11,2,20
p=41 t=28 rank=17400000 tier=2 A=1,2,3,4,5,6,7,8,9,10,11,12,14,15,16,17,18,19,20,21,22,24,26,28,29,31,32,34 wit=10,16,14,32,5,24,26,20,3,6,28,29,17,12,11,15,8,9,2,1,34,22,7,31,4,21,18,19
p=41 t=28 rank=18700000 tier=2 A=1,2,3,4,5,6,7,8,9,10,11,12,14,15,16,17,22,23,25,27,28,29,30,31,32,33,35,37 wit=28,17,30,12,6,29,23,35,2,33,5,14,8,16,7,25,4,10,22,32,3,31,9,15,37,11,1,27
p=41 t=28 rank=20600000 tier=2 A=1,2,3,4,5,6,7,8,9,10,11,12,14,15,17,19,20,21,24,25,26,27,28,30,32,33,35,36 wit=12,32,19,33,27,9,24,6,21,11,2,26,25,15,8,3,35,14,17,20,5,10,1,7,30,36,28,4
p=41 t=28 rank=22500000 tier=2 A=1,2,3,4,5,6,7,8,9,10,11,12,14,16,17,19,20,21,22,23,25,26,27,29,31,33,36,37 wit=16,3,31,29,11,21,17,19,9,6,27,5,33,20,10,1,14,8,2,36,4,12,26,22,7,23,25,37
p=41 t=28 rank=25300000 tier=2 A=1,2,3,4,5,6,7,8,9,10,11,12,15,16,17,18,19,21,22,23,24,26,27,28,30,32,36,37 wit=10,18,12,37,6,1,4,5,27,32,24,8,19,15,2,17,28,36,23,7,21,11,22,30,16,9,3,26
p=41 t=28 rank=25600000 tier=2 A=1,2,3,4,5,6,7,8,9,10,11,12,15,16,17,18,20,23,24,25,26,27,29,32,33,34,35,36 wit=2,18,25,11,36,32,29,20,12,6,4,23,34,27,33,7,35,26,8,3,16,17,15,10,5,9,24,1
p=41 t=28 rank=25800000 tier=2 A=1,2,3,4,5,6,7,8,9,10,11,12,15,16,17,19,20,21,22,25,29,31,32,33,34,35,37,38 wit=32,16,29,6,17,20,19,7,5,21,33,15,2,38,25,35,4,3,10,12,31,11,9,34,22,1,37,8
p=41 t=28 rank=29400000 tier=2 A=1,2,3,4,5,6,7,8,9,10,11,12,16,18,20,21,22,23,24,25,26,27,28,31,32,33,34,35 wit=11,33,2,10,24,22,7,3,28,6,18,25,12,26,32,1,21,27,5,23,4,20,16,31,9,34,35,8
p=41 t=28 rank=29700000 tier=2 A=1,2,3,4,5,6,7,8,9,10,11,12,17,18,19,20,21,22,23,25,26,27,29,30,31,34,36,37 wit=27,22,9,2,34,1,7,18,10,26,3,4,11,12,25,37,19,8,21,17,30,20,36,29,6,31,23,5
p=41 t=28 rank=32500000 tier=2 A=1,2,3,4,5,6,7,8,9,10,11,13,14,15,16,19,20,21,24,26,27,28,29,30,33,35,36,38 wit=5,2,9,15,10,8,7,6,19,27,24,33,13,14,4,36,20,38,30,1,3,21,26,28,29,11,35,16
p=41 t=28 rank=33000000 tier=2 A=1,2,3,4,5,6,7,8,9,10,11,13,14,15,17,18,19,20,21,25,26,27,29,32,34,35,36,37 wit=19,32,11,36,37,25,3,6,26,13,17,14,15,18,29,9,35,21,1,34,27,10,7,8,5,20,2,4
p=41 t=28 rank=35100000 tier=2 A=1,2,3,4,5,6,7,8,9,10,11,13,14,16,17,18,19,21,22,24,28,29,30,33,34,35,36,37 wit=10,29,24,35,30,13,34,33,4,21,19,36,18,37,2,6,7,1,14,28,22,11,5,8,3,9,17,16
p=41 t=28 rank=37000000 tier=2 A=1,2,3,4,5,6,7,8,9,10,11,13,14,17,18,19,20,24,25,27,29,31,32,33,34,35,36,37 wit=10,29,6,32,1,24,8,7,25,33,18,37,13,34,11,5,2,4,9,19,35,14,20,27,3,17,31,36
p=41 t=28 rank=39300000 tier=2 A=1,2,3,4,5,6,7,8,9,10,11,13,15,16,18,19,20,21,22,23,24,27,28,29,30,31,33,37 wit=29,8,30,33,21,27,16,7,5,1,9,18,3,13,2,19,37,28,15,23,31,22,10,6,24,4,20,11
p=41 t=28 rank=39400000 tier=2 A=1,2,3,4,5,6,7,8,9,10,11,13,15,16,18,19,20,22,23,25,26,29,30,32,33,34,36,37 wit=37,29,9,1,16,18,33,3,23,13,15,22,5,7,19,2,26,10,6,8,25,4,36,11,20,34,32,30
p=41 t=28 rank=41300000 tier=2 A=1,2,3,4,5,6,7,8,9,10,11,13,15,19,20,22,23,24,25,27,28,30,31,32,33,35,36,38 wit=32,6,10,30,33,11,4,8,9,13,25,7,31,1,36,3,5,27,38,22,24,35,28,2,23,15,19,20
p=41 t=28 rank=45200000 tier=2 A=1,2,3,4,5,6,7,8,9,10,11,14,15,16,19,20,22,24,25,27,29,30,31,32,34,35,37,38 wit=32,10,6,31,30,19,3,15,29,34,16,5,11,35,7,20,25,24,4,22,38,8,37,2,14,9,27,1
p=41 t=28 rank=47200000 tier=2 A=1,2,3,4,5,6,7,8,9,10,11,14,16,17,18,22,23,24,25,26,27,29,32,33,34,35,36,37 wit=14,17,4,36,8,22,5,24,26,3,37,10,1,18,34,27,29,6,32,2,35,23,9,25,33,16,11,7
p=41 t=28 rank=48200000 tier=2 A=1,2,3,4,5,6,7,8,9,10,11,14,17,18,19,21,23,24,26,28,29,30,31,32,33,34,35,36 wit=4,9,23,6,14,10,33,35,5,2,26,17,21,19,3,31,34,18,32,7,29,1,24,36,11,28,8,30
p=41 t=28 rank=51800000 tier=2 A=1,2,3,4,5,6,7,8,9,10,11,18,19,20,21,22,23,24,26,27,28,29,30,31,32,33,35,37 wit=7,8,32,26,22,4,3,24,31,9,37,2,18,19,30,20,28,27,21,11,1,10,6,23,33,29,35,5
p=41 t=28 rank=52400000 tier=2 A=1,2,3,4,5,6,7,8,9,10,12,13,14,15,16,17,18,20,23,24,27,28,30,31,32,34,35,37 wit=35,27,12,30,1,5,13,32,16,20,10,15,14,24,37,34,8,31,17,3,9,18,2,6,7,4,23,28
p=41 t=28 rank=54300000 tier=2 A=1,2,3,4,5,6,7,8,9,10,12,13,14,15,16,20,23,24,25,27,29,31,32,33,34,35,36,37 wit=27,24,33,4,16,23,37,36,2,8,12,25,34,32,7,31,6,15,5,13,3,10,35,9,29,14,20,1
p=41 t=28 rank=54800000 tier=2 A=1,2,3,4,5,6,7,8,9,10,12,13,14,15,17,18,20,21,23,24,26,27,28,29,31,33,34,37 wit=23,27,18,33,34,17,15,14,20,3,6,5,31,7,4,9,13,12,10,28,29,26,24,37,1,21,2,8
p=41 t=28 rank=55300000 tier=2 A=1,2,3,4,5,6,7,8,9,10,12,13,14,15,17,19,22,23,26,28,29,30,31,32,33,34,35,37 wit=35,26,6,23,15,9,13,29,19,31,2,4,12,34,22,37,7,1,3,14,32,10,28,8,30,17,5,33
p=41 t=28 rank=57000000 tier=2 A=1,2,3,4,5,6,7,8,9,10,12,13,14,16,17,19,20,21,22,23,24,25,26,27,28,29,32,33 wit=1,5,33,10,16,24,21,13,14,22,2,19,4,23,29,6,26,3,9,28,32,20,27,8,7,25,12,17
p=41 t=28 rank=57800000 tier=2 A=1,2,3,4,5,6,7,8,9,10,12,13,14,16,18,20,21,22,23,24,26,28,30,31,33,34,35,36 wit=36,16,14,26,18,34,8,24,30,3,5,28,23,12,7,6,21,31,20,22,1,10,4,2,9,35,13,33
p=41 t=28 rank=59200000 tier=2 A=1,2,3,4,5,6,7,8,9,10,12,13,14,18,19,20,21,24,26,27,28,29,30,31,32,33,35,38 wit=35,18,10,7,13,27,5,28,19,6,12,8,24,1,38,32,31,3,4,30,21,33,20,2,9,14,26,29
p=41 t=28 rank=62300000 tier=2 A=1,2,3,4,5,6,7,8,9,10,12,13,15,17,20,21,22,23,25,28,29,30,31,32,33,34,37,38 wit=25,34,15,5,17,13,22,21,32,30,6,20,7,23,29,33,3,12,9,8,4,38,10,37,28,2,31,1
p=41 t=28 rank=63400000 tier=2 A=1,2,3,4,5,6,7,8,9,10,12,13,16,17,19,20,21,22,23,24,28,29,30,32,33,35,36,38 wit=6,4,2,17,38,1,7,32,33,22,35,12,24,9,20,3,19,5,28,16,30,13,29,23,36,10,21,8
p=41 t=28 rank=67400000 tier=2 A=1,2,3,4,5,6,7,8,9,10,12,14,15,17,19,20,21,22,23,24,26,27,29,31,33,34,35,37 wit=1,26,9,3,19,27,20,12,22,34,17,23,10,35,8,21,14,31,15,6,37,7,2,33,24,29,4,5
p=41 t=28 rank=71600000 tier=2 A=1,2,3,4,5,6,7,8,9,10,12,15,17,18,19,20,21,23,24,25,26,30,31,33,34,35,36,38 wit=9,17,30,7,38,12,24,31,6,36,34,10,5,3,26,23,1,18,35,4,21,2,25,33,19,20,15,8
p=41 t=28 rank=75500000 tier=2 A=1,2,3,4,5,6,7,8,9,10,13,14,15,17,18,19,21,22,23,24,25,26,27,29,31,34,36,37 wit=7,24,36,8,17,22,27,2,34,15,10,5,14,37,9,23,6,21,19,3,31,13,26,1,4,25,29,18
p=41 t=28 rank=76200000 tier=2 A=1,2,3,4,5,6,7,8,9,10,13,14,15,18,19,20,21,23,24,26,27,29,31,33,34,35,36,37 wit=14,10,1,27,18,8,2,23,20,35,26,36,29,24,7,4,19,37,21,15,33,9,34,5,13,3,6,31
p=41 t=28 rank=76800000 tier=2 A=1,2,3,4,5,6,7,8,9,10,13,14,16,17,18,19,20,24,26,27,28,30,31,33,34,35,37,38 wit=4,17,9,20,30,14,10,26,8,31,28,3,33,19,18,34,24,27,2,6,37,1,35,16,7,5,38,13
p=41 t=28 rank=78700000 tier=2 A=1,2,3,4,5,6,7,8,9,10,13,15,16,17,18,19,20,21,22,23,26,27,28,29,33,35,36,37 wit=29,28,35,13,23,3,17,10,5,22,16,21,7,36,9,20,2,18,6,26,8,4,15,37,1,19,27,33
p=41 t=28 rank=79200000 tier=2 A=1,2,3,4,5,6,7,8,9,10,13,15,16,17,19,20,21,22,23,26,27,30,31,32,34,35,37,38 wit=34,5,22,16,8,9,23,20,2,31,1,30,3,10,13,4,6,38,37,27,7,15,21,17,32,35,26,19
p=41 t=28 rank=82700000 tier=2 A=1,2,3,4,5,6,7,8,9,10,14,15,16,18,19,20,22,23,24,25,26,27,29,30,31,33,35,38 wit=16,6,33,23,2,22,9,15,4,14,26,27,38,29,10,3,7,20,35,24,31,18,8,30,1,5,19,25
p=41 t=28 rank=87300000 tier=2 A=1,2,3,4,5,6,7,8,9,11,12,13,14,15,16,17,19,20,22,23,24,27,29,30,33,36,37,38 wit=1,2,37,24,13,33,9,6,14,23,15,36,11,27,22,8,3,12,20,4,29,38,16,17,5,7,30,19
p=41 t=28 rank=87700000 tier=2 A=1,2,3,4,5,6,7,8,9,11,12,13,14,15,16,17,20,23,25,26,27,29,30,32,33,34,35,37 wit=13,25,7,12,35,4,5,37,27,29,16,15,33,20,32,26,3,11,17,23,6,9,30,1,14,8,34,2
p=41 t=28 rank=88000000 tier=2 A=1,2,3,4,5,6,7,8,9,11,12,13,14,15,16,18,19,20,23,25,26,27,29,30,31,33,35,39 wit=5,3,18,26,14,7,1,6,12,2,25,33,31,35,29,30,16,39,19,27,11,20,15,8,13,23,4,9
p=41 t=28 rank=88500000 tier=2 A=1,2,3,4,5,6,7,8,9,11,12,13,14,15,16,19,20,21,22,23,24,27,28,29,30,32,34,35 wit=28,9,14,24,19,27,7,4,2,30,1,29,35,32,23,16,5,22,15,8,21,34,11,20,6,3,13,12
p=41 t=28 rank=89900000 tier=2 A=1,2,3,4,5,6,7,8,9,11,12,13,14,15,17,19,22,24,25,26,27,29,30,31,33,35,36,37 wit=14,5,7,17,33,13,15,36,3,12,2,11,29,37,27,25,1,8,30,6,24,35,26,31,9,19,4,22
p=41 t=28 rank=91700000 tier=2 A=1,2,3,4,5,6,7,8,9,11,12,13,14,16,17,19,20,22,23,24,27,28,30,31,32,34,35,37 wit=4,8,30,19,13,22,1,12,3,24,28,31,20,7,17,35,16,6,34,9,27,32,11,37,23,5,2,14
p=41 t=28 rank=92400000 tier=2 A=1,2,3,4,5,6,7,8,9,11,12,13,14,16,18,20,21,22,23,24,27,30,32,33,34,35,36,37 wit=1,20,16,36,3,33,7,23,32,37,9,13,5,6,27,4,34,24,2,11,35,30,8,22,12,14,18,21
p=41 t=28 rank=92700000 tier=2 A=1,2,3,4,5,6,7,8,9,11,12,13,14,16,19,20,23,24,25,26,27,28,30,31,32,34,35,36 wit=12,5,9,36,27,31,14,2,28,25,34,11,35,32,13,6,3,20,24,26,4,16,19,8,7,23,30,1
p=41 t=28 rank=93800000 tier=2 A=1,2,3,4,5,6,7,8,9,11,12,13,14,18,19,20,21,24,28,29,30,31,32,33,34,35,36,38 wit=32,21,8,19,38,34,6,24,33,12,18,9,1,5,29,31,4,28,36,2,7,14,3,30,13,35,11,20
p=41 t=28 rank=95600000 tier=2 A=1,2,3,4,5,6,7,8,9,11,12,13,15,16,18,19,21,24,26,27,28,29,32,33,34,35,36,37 wit=35,19,9,33,32,34,2,7,24,1,8,16,37,27,11,28,21,4,5,3,6,13,12,26,18,29,36,15
p=41 t=28 rank=96700000 tier=2 A=1,2,3,4,5,6,7,8,9,11,12,13,15,17,19,20,21,22,23,26,29,30,32,33,34,35,36,37 wit=13,12,5,7,9,33,22,21,2,23,8,17,6,3,36,29,20,37,32,26,30,34,11,19,35,4,1,15
p=41 t=28 rank=96900000 tier=2 A=1,2,3,4,5,6,7,8,9,11,12,13,15,17,20,21,22,23,27,28,29,30,31,32,33,34,35,38 wit=20,28,27,2,38,8,29,30,4,17,7,35,12,3,21,23,13,1,31,22,6,5,32,15,34,11,9,33
p=41 t=28 rank=97000000 tier=2 A=1,2,3,4,5,6,7,8,9,11,12,13,15,18,19,20,21,22,23,24,25,26,29,30,32,33,35,36 wit=22,8,23,3,11,19,20,36,35,29,24,2,12,1,15,6,32,7,30,21,5,25,18,9,33,26,13,4
p=41 t=28 rank=99700000 tier=2 A=1,2,3,4,5,6,7,8,9,11,12,14,15,16,17,18,19,20,24,25,27,28,29,30,33,34,35,36 wit=17,8,25,4,34,18,28,9,12,1,35,14,5,2,11,20,19,6,7,15,36,16,29,24,30,27,3,33
p=41 t=28 rank=100700000 tier=2 A=1,2,3,4,5,6,7,8,9,11,12,14,15,16,18,19,20,21,22,24,25,26,27,29,30,31,33,35 wit=4,8,19,27,15,9,7,33,26,18,6,30,21,11,31,1,22,20,14,16,5,29,25,2,3,35,12,24
p=41 t=28 rank=104200000 tier=2 A=1,2,3,4,5,6,7,8,9,11,12,14,17,18,19,20,22,23,26,27,28,30,32,33,34,35,36,38 wit=8,6,11,36,4,33,17,26,18,3,1,27,38,20,2,30,7,35,23,34,28,12,22,32,5,19,14,9
p=41 t=28 rank=105200000 tier=2 A=1,2,3,4,5,6,7,8,9,11,12,15,16,17,18,20,21,24,25,26,27,28,29,30,31,32,34,37 wit=17,16,24,4,29,20,26,18,1,27,3,6,21,34,37,15,8,31,5,32,30,7,2,9,28,25,12,11
p=41 t=28 rank=108000000 tier=2 A=1,2,3,4,5,6,7,8,9,11,13,14,15,16,17,18,19,20,21,22,25,26,28,30,32,33,35,36 wit=8,22,30,5,13,1,6,18,36,4,28,26,21,15,3,14,2,35,9,25,17,16,32,19,7,20,33,11
p=41 t=28 rank=110400000 tier=2 A=1,2,3,4,5,6,7,8,9,11,13,14,15,17,18,22,23,24,25,26,27,29,30,32,33,34,35,37 wit=29,2,6,17,7,37,22,33,32,3,26,13,11,15,25,14,1,34,5,23,24,4,35,9,8,27,30,18
p=41 t=28 rank=111800000 tier=2 A=1,2,3,4,5,6,7,8,9,11,13,14,16,17,19,20,21,24,25,27,28,29,30,33,34,36,37,38 wit=27,29,19,33,13,5,38,28,9,24,16,17,21,14,4,3,11,25,34,30,1,8,36,20,7,37,6,2
p=41 t=28 rank=112000000 tier=2 A=1,2,3,4,5,6,7,8,9,11,13,14,16,17,20,22,24,25,26,27,28,29,30,32,34,35,36,37 wit=37,26,28,14,30,34,36,7,4,29,35,32,22,24,6,20,17,11,1,13,8,27,9,2,5,16,3,25
p=41 t=28 rank=114000000 tier=2 A=1,2,3,4,5,6,7,8,9,11,13,15,16,17,20,21,22,24,25,26,27,28,30,31,32,35,37,38 wit=38,8,27,1,32,7,37,3,11,2,35,20,4,30,13,31,6,5,26,28,24,16,9,25,17,21,22,15
p=41 t=28 rank=114100000 tier=2 A=1,2,3,4,5,6,7,8,9,11,13,15,16,18,19,20,21,22,23,24,25,27,28,32,33,34,35,37 wit=7,20,3,1,21,28,19,5,18,6,8,23,37,35,34,22,25,24,4,2,9,15,32,33,16,13,11,27
p=41 t=28 rank=114600000 tier=2 A=1,2,3,4,5,6,7,8,9,11,13,15,17,18,19,20,21,22,23,25,26,27,28,30,33,35,36,38 wit=33,25,30,35,23,11,15,5,2,6,7,9,20,19,1,3,26,18,17,13,36,22,4,27,28,38,21,8
p=41 t=28 rank=119000000 tier=2 A=1,2,3,4,5,6,7,8,9,11,14,16,18,19,20,22,24,25,26,27,28,29,31,32,33,34,36,37 wit=24,26,6,22,2,31,5,14,34,20,16,37,36,33,7,25,3,29,1,4,8,11,28,9,19,18,27,32
p=41 t=28 rank=121600000 tier=2 A=1,2,3,4,5,6,7,8,9,12,13,14,15,16,17,18,20,24,25,26,27,29,31,32,33,34,37,38 wit=33,7,5,1,8,3,14,13,18,32,16,20,4,29,9,37,26,27,17,34,24,15,12,6,38,31,25,2
p=41 t=28 rank=129300000 tier=2 A=1,2,3,4,5,6,7,8,9,12,13,17,18,20,21,22,23,24,25,27,28,29,30,31,32,34,35,36 wit=17,18,24,35,25,28,12,6,5,32,1,7,36,22,34,13,23,4,9,21,31,27,30,20,2,29,8,3
p=41 t=28 rank=133400000 tier=2 A=1,2,3,4,5,6,7,8,9,12,15,17,18,19,20,21,22,23,25,26,28,29,30,31,32,34,35,38 wit=20,30,25,31,8,35,15,1,2,18,32,34,6,3,19,5,7,23,22,29,21,26,4,17,28,9,38,12
p=41 t=28 rank=135700000 tier=2 A=1,2,3,4,5,6,7,8,9,13,14,15,17,18,19,22,23,24,25,26,29,30,31,32,33,34,36,37 wit=33,22,31,19,15,2,4,18,3,8,14,24,1,29,30,36,32,13,7,6,34,25,5,9,17,23,26,37
p=41 t=28 rank=141200000 tier=2 A=1,2,3,4,5,6,7,8,10,11,12,13,14,15,16,17,18,19,20,22,23,24,26,28,30,31,33,36 wit=20,6,36,22,23,7,18,2,13,14,31,19,33,24,1,10,4,16,17,11,5,26,30,15,12,8,3,28
p=41 t=28 rank=141900000 tier=2 A=1,2,3,4,5,6,7,8,10,11,12,13,14,15,16,17,19,20,21,24,25,29,31,33,34,36,37,38 wit=29,3,31,8,11,34,14,21,25,2,38,7,33,13,37,20,17,16,12,6,36,24,10,5,4,15,1,19
p=41 t=28 rank=142900000 tier=2 A=1,2,3,4,5,6,7,8,10,11,12,13,14,15,16,18,20,21,24,25,26,28,29,30,31,33,35,37 wit=2,33,28,14,6,18,20,13,16,10,12,4,3,1,5,29,11,8,30,31,7,24,26,21,37,35,25,15
p=41 t=28 rank=143200000 tier=2 A=1,2,3,4,5,6,7,8,10,11,12,13,14,15,16,19,20,21,24,26,27,30,31,32,33,34,35,36 wit=1,34,5,35,15,7,32,11,14,30,8,20,26,4,16,10,3,21,36,13,6,24,2,19,27,12,31,33
p=41 t=28 rank=144300000 tier=2 A=1,2,3,4,5,6,7,8,10,11,12,13,14,15,17,19,20,21,22,24,29,30,31,32,33,34,35,36 wit=7,1,19,4,21,33,15,36,12,30,3,29,17,10,6,13,35,2,22,8,5,20,14,31,32,24,11,34
p=41 t=28 rank=145000000 tier=2 A=1,2,3,4,5,6,7,8,10,11,12,13,14,15,18,19,21,25,26,27,28,29,30,31,34,35,36,37 wit=8,1,21,11,5,37,2,15,27,13,19,28,6,34,4,26,29,3,31,35,10,25,14,30,36,12,7,18
p=41 t=28 rank=145100000 tier=2 A=1,2,3,4,5,6,7,8,10,11,12,13,14,15,18,20,21,23,24,25,26,27,31,33,34,35,36,38 wit=38,36,3,11,7,33,27,24,13,12,21,10,15,25,6,23,26,1,18,5,34,20,14,4,8,31,35,2
p=41 t=28 rank=152200000 tier=2 A=1,2,3,4,5,6,7,8,10,11,12,13,16,17,18,19,20,21,25,26,27,28,29,30,34,36,37,38 wit=36,1,26,17,11,6,27,37,38,25,2,19,29,30,10,3,4,20,7,12,21,34,28,18,13,8,16,5
p=41 t=28 rank=154300000 tier=2 A=1,2,3,4,5,6,7,8,10,11,12,14,15,16,17,18,19,20,23,24,25,26,27,29,30,34,35,38 wit=34,11,8,4,26,35,27,30,7,17,2,1,3,19,29,23,24,16,15,5,25,10,18,6,20,12,14,38
p=41 t=28 rank=154800000 tier=2 A=1,2,3,4,5,6,7,8,10,11,12,14,15,16,17,18,24,25,26,27,30,31,32,33,34,35,36,37 wit=10,2,31,15,30,36,24,25,12,8,11,34,3,16,37,6,33,18,5,17,35,32,26,4,1,14,7,27
p=41 t=28 rank=155800000 tier=2 A=1,2,3,4,5,6,7,8,10,11,12,14,15,16,19,20,21,22,23,24,25,26,27,28,29,32,35,36 wit=8,20,16,36,26,35,3,10,24,27,1,32,28,2,7,6,12,19,23,29,4,5,11,22,21,15,25,14
p=41 t=28 rank=159600000 tier=2 A=1,2,3,4,5,6,7,8,10,11,12,15,16,17,18,19,20,22,25,26,28,29,30,31,32,33,34,36 wit=30,6,33,22,2,12,3,36,32,10,19,16,15,34,18,31,8,11,7,17,25,20,28,4,26,1,29,5
p=41 t=28 rank=159800000 tier=2 A=1,2,3,4,5,6,7,8,10,11,12,15,16,17,18,20,21,22,25,26,27,28,29,30,33,36,37,38 wit=30,36,25,33,7,4,1,38,27,10,8,26,20,17,28,15,37,18,16,12,2,22,6,29,5,3,21,11
p=41 t=28 rank=163600000 tier=2 A=1,2,3,4,5,6,7,8,10,11,13,14,15,16,17,20,21,24,25,26,27,30,32,33,34,35,36,38 wit=8,20,36,13,10,1,5,33,6,30,2,14,15,24,25,34,3,26,16,32,35,21,17,4,38,7,11,27
p=41 t=28 rank=164300000 tier=2 A=1,2,3,4,5,6,7,8,10,11,13,14,15,16,19,20,21,24,25,26,27,28,30,32,33,35,36,37 wit=4,10,19,15,16,8,30,33,26,25,14,35,13,37,27,21,24,36,32,20,7,2,6,1,11,28,5,3
p=41 t=28 rank=168100000 tier=2 A=1,2,3,4,5,6,7,8,10,11,13,15,16,17,18,19,21,22,24,25,26,27,30,31,32,35,36,37 wit=32,7,35,8,37,25,4,15,18,31,17,19,3,10,30,27,16,24,5,1,6,2,26,22,13,11,21,36
p=41 t=28 rank=168400000 tier=2 A=1,2,3,4,5,6,7,8,10,11,13,15,16,17,18,23,25,26,27,28,30,31,32,33,34,36,37,38 wit=16,33,34,38,36,31,7,23,2,25,10,3,8,1,26,11,13,5,32,37,6,27,15,4,18,28,30,17
p=41 t=28 rank=171100000 tier=2 A=1,2,3,4,5,6,7,8,10,11,14,15,16,17,18,19,20,21,23,26,27,29,30,32,34,35,36,37 wit=11,32,37,15,35,19,1,14,5,10,29,30,3,27,6,2,36,17,18,34,23,16,8,20,7,4,26,21
p=41 t=28 rank=173100000 tier=2 A=1,2,3,4,5,6,7,8,10,11,14,16,17,18,19,20,21,22,24,25,26,28,29,30,31,32,34,37 wit=1,17,34,8,5,26,31,6,24,37,16,20,25,2,29,28,32,30,21,14,18,7,10,3,19,4,11,22
p=41 t=28 rank=173200000 tier=2 A=1,2,3,4,5,6,7,8,10,11,14,16,17,18,19,21,22,23,24,25,26,27,28,29,30,33,34,36 wit=24,21,2,30,33,26,14,5,6,22,23,10,29,11,34,19,36,17,28,4,8,16,1,3,18,7,27,25
p=41 t=28 rank=175700000 tier=2 A=1,2,3,4,5,6,7,8,10,11,18,19,21,22,23,24,25,26,27,28,30,31,32,33,34,35,36,37 wit=28,3,33,10,21,22,11,32,6,24,23,1,18,36,7,31,26,30,19,4,35,34,27,2,8,37,5,25
p=41 t=28 rank=177000000 tier=2 A=1,2,3,4,5,6,7,8,10,12,13,14,15,16,18,19,20,23,24,25,26,28,29,31,33,34,35,37 wit=34,18,8,31,29,5,28,35,33,25,23,3,6,26,4,10,37,12,24,13,19,7,20,15,14,16,1,2
p=41 t=28 rank=178500000 tier=2 A=1,2,3,4,5,6,7,8,10,12,13,14,15,18,19,20,21,22,23,24,25,27,28,33,34,35,36,37 wit=37,2,35,10,28,19,3,18,5,1,6,15,21,25,34,14,33,36,8,20,4,12,23,22,24,27,13,7
p=41 t=28 rank=179100000 tier=2 A=1,2,3,4,5,6,7,8,10,12,13,14,16,17,18,19,20,22,23,26,28,29,30,31,32,34,36,37 wit=10,29,7,13,20,28,36,6,23,34,32,17,31,14,1,18,2,22,30,37,3,19,26,12,16,8,4,5
p=41 t=28 rank=179700000 tier=2 A=1,2,3,4,5,6,7,8,10,12,13,14,16,17,20,21,22,23,25,26,27,29,30,32,33,36,37,38 wit=26,7,2,3,25,14,32,1,13,4,17,33,37,6,27,22,29,23,21,30,16,10,20,38,5,8,12,36
p=41 t=28 rank=180500000 tier=2 A=1,2,3,4,5,6,7,8,10,12,13,14,17,18,20,21,22,23,24,25,26,28,31,32,33,34,35,37 wit=22,26,5,17,23,10,2,31,1,35,24,8,37,33,14,4,28,18,21,3,25,7,32,34,6,12,20,13
