p=19 t=2 rank=0 tier=1 A=1,2 wit=2,1
p=19 t=3 rank=0 tier=1 A=1,2,3 wit=2,1,3
p=19 t=4 rank=0 tier=1 A=1,2,3,4 wit=2,1,4,3
p=19 t=5 rank=0 tier=1 A=1,2,3,4,5 wit=4,2,1,5,3
p=19 t=6 rank=0 tier=1 A=1,2,3,4,5,6 wit=3,5,6,4,2,1
p=19 t=6 rank=1000 tier=1 A=1,2,5,9,12,13 wit=1,9,12,13,2,5
p=19 t=6 rank=2000 tier=1 A=1,3,4,7,12,15 wit=1,12,15,7,3,4
p=19 t=7 rank=0 tier=1 A=1,2,3,4,5,6,7 wit=4,6,3,5,1,2,7
p=19 t=7 rank=1000 tier=1 A=1,2,3,7,12,13,14 wit=7,12,3,1,13,14,2
p=19 t=8 rank=0 tier=1 A=1,2,3,4,5,6,7,8 wit=6,2,8,4,1,3,5,7
p=19 t=8 rank=11000 tier=1 A=1,3,5,8,11,14,15,16 wit=11,8,5,3,1,16,15,14
p=19 t=8 rank=18000 tier=1 A=1,6,7,9,11,12,13,16 wit=13,16,7,11,6,1,9,12
p=19 t=9 rank=0 tier=1 A=1,2,3,4,5,6,7,8,9 wit=1,8,6,7,9,2,3,4,5
p=19 t=9 rank=1000 tier=1 A=1,2,3,4,6,9,10,11,12 wit=4,12,6,9,3,10,11,2,1
p=19 t=9 rank=12000 tier=1 A=1,3,4,5,7,8,11,12,14 wit=14,7,3,4,11,5,12,1,8
p=19 t=10 rank=0 tier=1 A=1,2,3,4,5,6,7,8,9,10 wit=3,8,9,5,7,6,2,10,4,1
p=19 t=10 rank=1000 tier=1 A=1,2,3,4,5,8,12,13,14,15 wit=12,1,3,13,8,4,2,14,15,5
p=19 t=10 rank=13000 tier=1 A=1,3,4,5,6,7,9,10,12,16 wit=7,3,5,4,1,10,16,6,9,12
p=19 t=11 rank=0 tier=1 A=1,2,3,4,5,6,7,8,9,10,11 wit=1,9,4,11,6,3,2,5,8,10,7
p=19 t=11 rank=5000 tier=1 A=1,2,3,5,8,11,12,13,14,15,16 wit=12,8,16,1,14,13,15,3,2,11,5
p=19 t=12 rank=0 tier=1 A=1,2,3,4,5,6,7,8,9,10,11,12 wit=5,4,7,2,1,11,12,10,6,9,3,8
p=19 t=13 rank=0 tier=2 A=1,2,3,4,5,6,7,8,9,10,11,12,13 wit=10,3,8,12,4,1,6,11,13,9,2,5,7
p=19 t=14 rank=0 tier=2 A=1,2,3,4,5,6,7,8,9,10,11,12,13,14 wit=14,1,13,10,3,4,6,11,12,8,5,7,2,9
p=19 t=15 rank=0 tier=2 A=1,2,3,4,5,6,7,8,9,10,11,12,13,14,15 wit=14,1,12,3,2,6,7,15,9,4,8,13,11,10,5
p=19 t=16 rank=0 tier=2 A=1,2,3,4,5,6,7,8,9,10,11,12,13,14,15,16 wit=4,11,9,3,10,12,8,6,14,16,15,1,7,5,2,13
p=19 t=17 rank=0 tier=2 A=1,2,3,4,5,6,7,8,9,10,11,12,13,14,15,16,17 wit=17,12,13,8,15,3,2,11,9,4,1,16,10,14,7,6,5
p=19 t=18 rank=0 tier=2 A=1,2,3,4,5,6,7,8,9,10,11,12,13,14,15,16,17,18 wit=17,15,8,10,16,14,18,3,4,5,9,6,7,2,13,12,1,11
