=== n=63 restricted experiments (180 s caps)
--- L set 3,5,7
SOL: 1 6 7 28 29 26 27 8 9 14 15 36 37 34 35 16 17 22 23 44 45 42 43 24 25 30 31 52 53 50 51 32 33 38 39 60 61 58 59 40 41 46 47 4 5 2 3 48 49 54 55 12 13 10 11 56 57 62 63 20 21 18 19
SOL: 1 6 7 52 53 50 51 8 9 14 15 60 61 58 59 16 17 22 23 4 5 2 3 24 25 30 31 12 13 10 11 32 33 38 39 20 21 18 19 40 41 46 47 28 29 26 27 48 49 54 55 36 37 34 35 56 57 62 63 44 45 42 43
SOL: 1 10 3 4 21 6 7 24 9 2 27 12 29 14 31 16 17 26 19 20 5 22 23 8 25 50 11 28 13 30 15 32 33 42 35 36 53 38 39 56 41 34 59 44 61 46 63 48 49 58 51 52 37 54 55 40 57 18 43 60 45 62 47
SOL: 1 10 3 4 21 6 23 8 9 2 11 12 29 14 31 16 17 26 19 20 5 22 7 24 25 18 27 28 13 30 15 32 33 42 35 36 53 38 55 40 41 34 43 44 61 46 63 48 49 58 51 52 37 54 39 56 57 50 59 60 45 62 47
SOL: 1 10 3 4 21 6 23 8 9 18 11 12 29 14 31 16 17 26 19 20 5 22 7 24 25 34 27 28 13 30 15 32 33 42 35 36 53 38 55 40 41 50 43 44 61 46 63 48 49 58 51 52 37 54 39 56 57 2 59 60 45 62 47
COMPLETE m=6 n=63 solutions=4228 nodes=6568686074 maxdepth=63 time=80.185s even_prunes=0 (even blocks not used for pruning)
kills by length: 3:2143078622 5:804898272 7:455815582
--- L set 3,5,7,9,11,13
SOL: 1 6 7 28 29 26 27 8 9 14 15 36 37 34 35 16 17 22 23 44 45 42 43 24 25 30 31 52 53 50 51 32 33 38 39 60 61 58 59 40 41 46 47 4 5 2 3 48 49 54 55 12 13 10 11 56 57 62 63 20 21 18 19
SOL: 1 6 7 52 53 50 51 8 9 14 15 60 61 58 59 16 17 22 23 4 5 2 3 24 25 30 31 12 13 10 11 32 33 38 39 20 21 18 19 40 41 46 47 28 29 26 27 48 49 54 55 36 37 34 35 56 57 62 63 44 45 42 43
SOL: 1 10 3 4 21 6 23 8 9 2 11 12 29 14 31 16 17 26 19 20 5 22 7 24 25 18 27 28 13 30 15 32 33 42 35 36 53 38 55 40 41 34 43 44 61 46 63 48 49 58 51 52 37 54 39 56 57 50 59 60 45 62 47
SOL: 1 18 3 4 37 6 7 40 9 10 43 12 45 14 47 16 17 2 19 20 53 22 23 56 25 26 59 28 61 30 63 32 33 50 35 36 5 38 39 8 41 42 11 44 13 46 15 48 49 34 51 52 21 54 55 24 57 58 27 60 29 62 31
SOL: 1 18 3 4 37 6 7 40 9 10 43 12 45 14 47 16 17 2 19 20 53 22 23 56 25 26 59 60 29 30 63 32 33 50 35 36 5 38 39 8 41 42 11 44 13 46 15 48 49 34 51 52 21 54 55 24 57 58 27 28 61 62 31
COMPLETE m=6 n=63 solutions=680 nodes=1642366962 maxdepth=63 time=26.041s even_prunes=0 (even blocks not used for pruning)
kills by length: 3:525274456 5:194459090 7:105242324 9:40207254 11:41559052 13:30017304
--- L set 3,7,9,21
SOL: 1 6 7 4 5 10 11 8 9 14 15 12 13 18 19 16 17 22 23 20 21 26 27 24 25 30 31 28 29 2 3 32 33 38 39 36 37 42 43 40 41 46 47 44 45 50 51 48 49 54 55 52 53 58 59 56 57 62 63 60 61 34 35
SOL: 1 6 7 4 5 50 51 8 9 14 15 12 13 58 59 16 17 22 23 20 21 2 3 24 25 30 31 28 29 10 11 32 33 38 39 36 37 18 19 40 41 46 47 44 45 26 27 48 49 54 55 52 53 34 35 56 57 62 63 60 61 42 43
SOL: 1 6 7 12 13 18 19 24 25 30 31 4 5 10 11 16 17 22 23 28 29 2 3 8 9 14 15 20 21 26 27 32 33 38 39 44 45 50 51 56 57 62 63 36 37 42 43 48 49 54 55 60 61 34 35 40 41 46 47 52 53 58 59
SOL: 1 6 7 28 29 10 11 8 9 14 15 36 37 18 19 16 17 22 23 44 45 26 27 24 25 30 31 52 53 34 35 32 33 38 39 60 61 42 43 40 41 46 47 4 5 50 51 48 49 54 55 12 13 58 59 56 57 62 63 20 21 2 3
SOL: 1 10 3 4 21 6 23 8 9 2 11 12 29 14 31 16 17 26 19 20 5 22 7 24 25 18 27 28 13 30 15 32 33 42 35 36 53 38 55 40 41 34 43 44 61 46 63 48 49 58 51 52 37 54 39 56 57 50 59 60 45 62 47
INCOMPLETE(time cap) m=6 n=63 solutions=5248 nodes=14610857984 maxdepth=63 time=180.009s even_prunes=0 (even blocks not used for pruning)
kills by length: 3:4795626396 7:1348196736 9:512001171 21:221339189
=== n=31 restricted experiments
--- L set 3
COMPLETE m=5 n=31 solutions=1856 nodes=2991696 maxdepth=31 time=0.028s even_prunes=0 (even blocks not used for pruning)
kills by length: 3:980396
--- L set 3,5
COMPLETE m=5 n=31 solutions=228 nodes=577596 maxdepth=31 time=0.006s even_prunes=0 (even blocks not used for pruning)
kills by length: 3:183988 5:61884
--- L set 3,5,7
COMPLETE m=5 n=31 solutions=12 nodes=332850 maxdepth=31 time=0.004s even_prunes=0 (even blocks not used for pruning)
kills by length: 3:104830 5:36514 7:17734
--- L set 3,5,7,9,11
COMPLETE m=5 n=31 solutions=12 nodes=302598 maxdepth=31 time=0.004s even_prunes=0 (even blocks not used for pruning)
kills by length: 3:95214 5:33088 7:15438 9:2844 11:1726
--- L set 3,5,7,9,11,13,15
COMPLETE m=5 n=31 solutions=4 nodes=298120 maxdepth=31 time=0.005s even_prunes=0 (even blocks not used for pruning)
kills by length: 3:93966 5:32654 7:15166 9:2794 11:1646 13:982 15:320
