=== n=63 single-length experiments (240 s caps)
--- L set 3
SOL: 1 6 3 4 13 2 7 8 25 14 11 12 5 26 31 16 17 22 19 20 29 18 23 24 9 62 59 60 53 42 47 32 33 38 35 36 45 34 39 40 57 46 43 44 37 58 63 48 49 54 51 52 61 50 55 56 41 30 27 28 21 10 15
SOL: 1 6 3 4 13 2 7 8 25 14 11 28 5 26 15 48 49 54 51 52 61 50 55 56 41 30 27 44 53 42 63 32 33 38 35 36 45 34 39 40 57 46 43 60 37 58 47 16 17 22 19 20 29 18 23 24 9 62 59 12 21 10 31
SOL: 1 6 3 4 13 2 7 8 25 14 11 28 5 26 31 16 17 22 19 20 29 18 23 24 9 62 27 44 53 42 47 32 33 38 35 36 45 34 39 40 57 46 43 60 37 58 63 48 49 54 51 52 61 50 55 56 41 30 59 12 21 10 15
INCOMPLETE(time cap) m=6 n=63 solutions=3054 nodes=23907532800 maxdepth=63 time=240.001s even_prunes=0 (even blocks not used for pruning)
kills by length: 3:8499862452
--- L set 3,5
SOL: 1 6 7 4 5 2 3 8 9 14 15 12 13 10 11 16 17 22 23 20 21 18 19 24 25 30 31 28 29 26 27 32 33 38 39 36 37 34 35 40 41 46 47 44 45 42 43 48 49 54 55 52 53 50 51 56 57 62 63 60 61 58 59
SOL: 1 6 7 4 5 2 3 8 9 14 15 60 61 58 59 16 17 22 23 20 21 18 19 24 25 30 31 12 13 10 11 32 33 38 39 36 37 34 35 40 41 46 47 28 29 26 27 48 49 54 55 52 53 50 51 56 57 62 63 44 45 42 43
SOL: 1 6 7 4 5 2 3 8 9 30 31 28 29 10 11 16 17 22 23 20 21 18 19 24 25 46 47 44 45 26 27 32 33 38 39 36 37 34 35 40 41 62 63 60 61 42 43 48 49 54 55 52 53 50 51 56 57 14 15 12 13 58 59
INCOMPLETE(time cap) m=6 n=63 solutions=110332 nodes=22229811200 maxdepth=63 time=240.004s even_prunes=0 (even blocks not used for pruning)
kills by length: 3:7370826028 5:2778338560
