# n=18 t=94 tight; 561 D_18-orbit representatives of 6-subsets (orbits cover 18564 subsets)
0 1,2,3,4,5,6 18
1 1,2,3,4,5,7 36
2 1,2,3,4,5,8 36
3 1,2,3,4,5,9 36
4 1,2,3,4,5,10 36
5 1,2,3,4,5,11 36
6 1,2,3,4,5,12 18
7 1,2,3,4,6,7 36
8 1,2,3,4,6,8 36
9 1,2,3,4,6,9 36
10 1,2,3,4,6,10 36
11 1,2,3,4,6,11 36
12 1,2,3,4,6,12 36
13 1,2,3,4,6,13 36
14 1,2,3,4,6,14 36
15 1,2,3,4,6,15 36
16 1,2,3,4,6,16 36
17 1,2,3,4,6,17 18
18 1,2,3,4,7,8 36
19 1,2,3,4,7,9 36
20 1,2,3,4,7,10 36
21 1,2,3,4,7,11 36
22 1,2,3,4,7,12 36
23 1,2,3,4,7,13 36
24 1,2,3,4,7,14 36
25 1,2,3,4,7,15 36
26 1,2,3,4,7,16 18
27 1,2,3,4,8,9 36
28 1,2,3,4,8,10 36
29 1,2,3,4,8,11 36
30 1,2,3,4,8,12 36
31 1,2,3,4,8,13 36
32 1,2,3,4,8,14 36
33 1,2,3,4,8,15 18
34 1,2,3,4,9,10 36
35 1,2,3,4,9,11 36
36 1,2,3,4,9,12 36
37 1,2,3,4,9,13 36
38 1,2,3,4,9,14 18
39 1,2,3,4,10,11 36
40 1,2,3,4,10,12 36
41 1,2,3,4,10,13 18
42 1,2,3,4,11,12 18
43 1,2,3,5,6,7 18
44 1,2,3,5,6,8 36
45 1,2,3,5,6,9 36
46 1,2,3,5,6,10 36
47 1,2,3,5,6,11 36
48 1,2,3,5,6,12 36
49 1,2,3,5,6,13 36
50 1,2,3,5,6,14 36
51 1,2,3,5,6,15 36
52 1,2,3,5,6,16 36
53 1,2,3,5,6,17 36
54 1,2,3,5,7,8 36
55 1,2,3,5,7,9 36
56 1,2,3,5,7,10 36
57 1,2,3,5,7,11 36
58 1,2,3,5,7,12 36
59 1,2,3,5,7,13 36
60 1,2,3,5,7,14 36
61 1,2,3,5,7,15 36
62 1,2,3,5,7,16 36
63 1,2,3,5,7,17 36
64 1,2,3,5,8,9 36
65 1,2,3,5,8,10 36
66 1,2,3,5,8,11 36
67 1,2,3,5,8,12 36
68 1,2,3,5,8,13 36
69 1,2,3,5,8,14 36
70 1,2,3,5,8,15 36
71 1,2,3,5,8,16 36
72 1,2,3,5,8,17 36
73 1,2,3,5,9,10 36
74 1,2,3,5,9,11 36
75 1,2,3,5,9,12 36
76 1,2,3,5,9,13 36
77 1,2,3,5,9,14 36
78 1,2,3,5,9,15 36
79 1,2,3,5,9,16 36
80 1,2,3,5,9,17 36
81 1,2,3,5,10,11 36
82 1,2,3,5,10,12 36
83 1,2,3,5,10,13 36
84 1,2,3,5,10,14 36
85 1,2,3,5,10,15 36
86 1,2,3,5,10,16 36
87 1,2,3,5,10,17 36
88 1,2,3,5,11,12 36
89 1,2,3,5,11,13 36
90 1,2,3,5,11,14 36
91 1,2,3,5,11,15 36
92 1,2,3,5,11,16 36
93 1,2,3,5,11,17 18
94 1,2,3,5,12,13 36
95 1,2,3,5,12,14 36
96 1,2,3,5,12,15 36
97 1,2,3,5,12,16 36
98 1,2,3,5,13,14 36
99 1,2,3,5,13,15 36
100 1,2,3,5,13,16 36
101 1,2,3,5,14,15 36
102 1,2,3,5,14,16 36
103 1,2,3,5,15,16 36
104 1,2,3,6,7,8 18
105 1,2,3,6,7,9 36
106 1,2,3,6,7,10 36
107 1,2,3,6,7,11 36
108 1,2,3,6,7,12 36
109 1,2,3,6,7,13 36
110 1,2,3,6,7,14 36
111 1,2,3,6,7,15 36
112 1,2,3,6,7,16 36
113 1,2,3,6,8,9 36
114 1,2,3,6,8,10 36
115 1,2,3,6,8,11 36
116 1,2,3,6,8,12 36
117 1,2,3,6,8,13 36
118 1,2,3,6,8,14 36
119 1,2,3,6,8,15 36
120 1,2,3,6,8,16 36
121 1,2,3,6,9,10 36
122 1,2,3,6,9,11 36
123 1,2,3,6,9,12 36
124 1,2,3,6,9,13 36
125 1,2,3,6,9,14 36
126 1,2,3,6,9,15 36
127 1,2,3,6,9,16 36
128 1,2,3,6,10,11 36
129 1,2,3,6,10,12 36
130 1,2,3,6,10,13 36
131 1,2,3,6,10,14 36
132 1,2,3,6,10,15 36
133 1,2,3,6,10,16 36
134 1,2,3,6,11,12 36
135 1,2,3,6,11,13 36
136 1,2,3,6,11,14 36
137 1,2,3,6,11,15 36
138 1,2,3,6,11,16 18
139 1,2,3,6,12,13 36
140 1,2,3,6,12,14 36
141 1,2,3,6,12,15 36
142 1,2,3,6,13,14 36
143 1,2,3,6,13,15 36
144 1,2,3,6,14,15 36
145 1,2,3,7,8,9 18
146 1,2,3,7,8,10 36
147 1,2,3,7,8,11 36
148 1,2,3,7,8,12 36
149 1,2,3,7,8,13 36
150 1,2,3,7,8,14 36
151 1,2,3,7,8,15 36
152 1,2,3,7,9,10 36
153 1,2,3,7,9,11 36
154 1,2,3,7,9,12 36
155 1,2,3,7,9,13 36
156 1,2,3,7,9,14 36
157 1,2,3,7,9,15 36
158 1,2,3,7,10,11 36
159 1,2,3,7,10,12 36
160 1,2,3,7,10,13 36
161 1,2,3,7,10,14 36
162 1,2,3,7,10,15 36
163 1,2,3,7,11,12 36
164 1,2,3,7,11,13 36
165 1,2,3,7,11,14 36
166 1,2,3,7,11,15 18
167 1,2,3,7,12,13 36
168 1,2,3,7,12,14 36
169 1,2,3,7,13,14 36
170 1,2,3,8,9,10 18
171 1,2,3,8,9,11 36
172 1,2,3,8,9,12 36
173 1,2,3,8,9,13 36
174 1,2,3,8,9,14 36
175 1,2,3,8,10,11 36
176 1,2,3,8,10,12 36
177 1,2,3,8,10,13 36
178 1,2,3,8,10,14 36
179 1,2,3,8,11,12 36
180 1,2,3,8,11,13 36
181 1,2,3,8,11,14 18
182 1,2,3,8,12,13 36
183 1,2,3,9,10,11 18
184 1,2,3,9,10,12 36
185 1,2,3,9,10,13 36
186 1,2,3,9,11,12 36
187 1,2,3,9,11,13 18
188 1,2,3,10,11,12 9
189 1,2,4,5,7,8 18
190 1,2,4,5,7,9 36
191 1,2,4,5,7,10 36
192 1,2,4,5,7,11 36
193 1,2,4,5,7,12 36
194 1,2,4,5,7,13 36
195 1,2,4,5,7,14 36
196 1,2,4,5,7,15 36
197 1,2,4,5,7,16 36
198 1,2,4,5,7,17 18
199 1,2,4,5,8,9 36
200 1,2,4,5,8,10 36
201 1,2,4,5,8,11 36
202 1,2,4,5,8,12 36
203 1,2,4,5,8,13 36
204 1,2,4,5,8,14 36
205 1,2,4,5,8,15 36
206 1,2,4,5,8,16 18
207 1,2,4,5,9,10 36
208 1,2,4,5,9,11 36
209 1,2,4,5,9,12 36
210 1,2,4,5,9,13 36
211 1,2,4,5,9,14 36
212 1,2,4,5,9,15 18
213 1,2,4,5,10,11 36
214 1,2,4,5,10,12 36
215 1,2,4,5,10,13 36
216 1,2,4,5,10,14 18
217 1,2,4,5,11,12 36
218 1,2,4,5,11,13 18
219 1,2,4,6,7,9 36
220 1,2,4,6,7,10 36
221 1,2,4,6,7,11 36
222 1,2,4,6,7,12 36
223 1,2,4,6,7,13 18
224 1,2,4,6,8,9 18
225 1,2,4,6,8,10 36
226 1,2,4,6,8,11 36
227 1,2,4,6,8,12 36
228 1,2,4,6,8,13 36
229 1,2,4,6,8,14 36
230 1,2,4,6,8,15 36
231 1,2,4,6,8,16 36
232 1,2,4,6,8,17 36
233 1,2,4,6,9,10 36
234 1,2,4,6,9,11 36
235 1,2,4,6,9,12 36
236 1,2,4,6,9,13 36
237 1,2,4,6,9,14 36
238 1,2,4,6,9,15 36
239 1,2,4,6,9,16 36
240 1,2,4,6,9,17 36
241 1,2,4,6,10,11 36
242 1,2,4,6,10,12 36
243 1,2,4,6,10,13 36
244 1,2,4,6,10,14 36
245 1,2,4,6,10,15 36
246 1,2,4,6,10,16 36
247 1,2,4,6,10,17 36
248 1,2,4,6,11,12 36
249 1,2,4,6,11,13 36
250 1,2,4,6,11,14 36
251 1,2,4,6,11,15 36
252 1,2,4,6,11,16 36
253 1,2,4,6,11,17 36
254 1,2,4,6,12,13 36
255 1,2,4,6,12,14 36
256 1,2,4,6,12,15 36
257 1,2,4,6,12,16 36
258 1,2,4,6,12,17 36
259 1,2,4,6,13,14 36
260 1,2,4,6,13,15 36
261 1,2,4,6,13,16 36
262 1,2,4,6,13,17 36
263 1,2,4,6,14,15 36
264 1,2,4,6,14,16 36
265 1,2,4,6,14,17 36
266 1,2,4,6,15,16 36
267 1,2,4,6,15,17 18
268 1,2,4,7,8,10 36
269 1,2,4,7,8,11 36
270 1,2,4,7,8,12 36
271 1,2,4,7,8,13 36
272 1,2,4,7,8,14 36
273 1,2,4,7,8,15 36
274 1,2,4,7,8,16 36
275 1,2,4,7,8,17 36
276 1,2,4,7,9,10 18
277 1,2,4,7,9,11 36
278 1,2,4,7,9,12 36
279 1,2,4,7,9,13 36
280 1,2,4,7,9,14 36
281 1,2,4,7,9,15 36
282 1,2,4,7,9,16 36
283 1,2,4,7,9,17 36
284 1,2,4,7,10,11 36
285 1,2,4,7,10,12 36
286 1,2,4,7,10,13 36
287 1,2,4,7,10,14 36
288 1,2,4,7,10,15 36
289 1,2,4,7,10,16 36
290 1,2,4,7,10,17 36
291 1,2,4,7,11,12 36
292 1,2,4,7,11,13 36
293 1,2,4,7,11,14 36
294 1,2,4,7,11,15 36
295 1,2,4,7,11,16 36
296 1,2,4,7,11,17 36
297 1,2,4,7,12,13 36
298 1,2,4,7,12,14 36
299 1,2,4,7,12,15 36
300 1,2,4,7,12,16 36
301 1,2,4,7,12,17 36
302 1,2,4,7,13,14 36
303 1,2,4,7,13,15 36
304 1,2,4,7,13,16 36
305 1,2,4,7,13,17 36
306 1,2,4,7,14,15 36
307 1,2,4,7,14,16 36
308 1,2,4,7,14,17 18
309 1,2,4,7,15,16 36
310 1,2,4,8,9,11 36
311 1,2,4,8,9,12 36
312 1,2,4,8,9,13 36
313 1,2,4,8,9,14 36
314 1,2,4,8,9,15 36
315 1,2,4,8,9,16 36
316 1,2,4,8,9,17 36
317 1,2,4,8,10,11 18
318 1,2,4,8,10,12 36
319 1,2,4,8,10,13 36
320 1,2,4,8,10,14 36
321 1,2,4,8,10,15 36
322 1,2,4,8,10,16 36
323 1,2,4,8,10,17 36
324 1,2,4,8,11,12 36
325 1,2,4,8,11,13 36
326 1,2,4,8,11,14 36
327 1,2,4,8,11,15 36
328 1,2,4,8,11,16 36
329 1,2,4,8,11,17 36
330 1,2,4,8,12,13 36
331 1,2,4,8,12,14 36
332 1,2,4,8,12,15 36
333 1,2,4,8,12,16 36
334 1,2,4,8,12,17 36
335 1,2,4,8,13,14 36
336 1,2,4,8,13,15 36
337 1,2,4,8,13,16 36
338 1,2,4,8,13,17 18
339 1,2,4,8,14,15 36
340 1,2,4,8,14,16 36
341 1,2,4,8,15,16 36
342 1,2,4,9,10,12 36
343 1,2,4,9,10,13 36
344 1,2,4,9,10,14 36
345 1,2,4,9,10,15 36
346 1,2,4,9,10,16 36
347 1,2,4,9,10,17 36
348 1,2,4,9,11,12 18
349 1,2,4,9,11,13 36
350 1,2,4,9,11,14 36
351 1,2,4,9,11,15 36
352 1,2,4,9,11,16 36
353 1,2,4,9,11,17 36
354 1,2,4,9,12,13 36
355 1,2,4,9,12,14 36
356 1,2,4,9,12,15 36
357 1,2,4,9,12,16 36
358 1,2,4,9,12,17 18
359 1,2,4,9,13,14 36
360 1,2,4,9,13,15 36
361 1,2,4,9,13,16 36
362 1,2,4,9,14,15 36
363 1,2,4,9,14,16 36
364 1,2,4,9,15,16 36
365 1,2,4,10,11,13 18
366 1,2,4,10,11,14 36
367 1,2,4,10,11,15 36
368 1,2,4,10,11,16 36
369 1,2,4,10,11,17 18
370 1,2,4,10,12,13 18
371 1,2,4,10,12,14 36
372 1,2,4,10,12,15 36
373 1,2,4,10,12,16 36
374 1,2,4,10,13,14 36
375 1,2,4,10,13,15 36
376 1,2,4,10,13,16 36
377 1,2,4,10,14,15 36
378 1,2,4,10,14,16 36
379 1,2,4,10,15,16 36
380 1,2,4,11,12,15 36
381 1,2,4,11,12,16 36
382 1,2,4,11,13,14 18
383 1,2,4,11,13,15 36
384 1,2,4,11,13,16 36
385 1,2,4,11,14,15 36
386 1,2,4,11,14,16 36
387 1,2,4,11,15,16 36
388 1,2,4,12,13,16 36
389 1,2,4,12,14,15 18
390 1,2,4,12,14,16 36
391 1,2,4,12,15,16 36
392 1,2,4,13,15,16 18
393 1,2,5,6,9,10 18
394 1,2,5,6,9,11 36
395 1,2,5,6,9,12 36
396 1,2,5,6,9,13 36
397 1,2,5,6,9,14 36
398 1,2,5,6,9,15 36
399 1,2,5,6,9,16 18
400 1,2,5,6,10,11 36
401 1,2,5,6,10,12 36
402 1,2,5,6,10,13 36
403 1,2,5,6,10,14 36
404 1,2,5,6,10,15 18
405 1,2,5,6,11,12 36
406 1,2,5,6,11,13 36
407 1,2,5,6,11,14 18
408 1,2,5,6,12,13 18
409 1,2,5,7,9,11 36
410 1,2,5,7,9,12 36
411 1,2,5,7,9,13 36
412 1,2,5,7,9,14 36
413 1,2,5,7,9,15 36
414 1,2,5,7,9,16 36
415 1,2,5,7,10,11 18
416 1,2,5,7,10,12 36
417 1,2,5,7,10,13 36
418 1,2,5,7,10,14 36
419 1,2,5,7,10,15 36
420 1,2,5,7,10,16 36
421 1,2,5,7,11,12 36
422 1,2,5,7,11,13 36
423 1,2,5,7,11,14 36
424 1,2,5,7,11,15 36
425 1,2,5,7,11,16 36
426 1,2,5,7,12,13 36
427 1,2,5,7,12,14 36
428 1,2,5,7,12,15 36
429 1,2,5,7,12,16 36
430 1,2,5,7,13,14 36
431 1,2,5,7,13,15 36
432 1,2,5,7,13,16 36
433 1,2,5,7,14,15 36
434 1,2,5,7,14,16 18
435 1,2,5,8,9,12 36
436 1,2,5,8,9,13 36
437 1,2,5,8,9,14 18
438 1,2,5,8,10,12 36
439 1,2,5,8,10,13 36
440 1,2,5,8,10,14 36
441 1,2,5,8,10,15 36
442 1,2,5,8,10,16 36
443 1,2,5,8,11,12 18
444 1,2,5,8,11,13 36
445 1,2,5,8,11,14 36
446 1,2,5,8,11,15 36
447 1,2,5,8,11,16 36
448 1,2,5,8,12,13 36
449 1,2,5,8,12,14 36
450 1,2,5,8,12,15 36
451 1,2,5,8,12,16 36
452 1,2,5,8,13,14 36
453 1,2,5,8,13,15 36
454 1,2,5,8,13,16 18
455 1,2,5,8,14,15 36
456 1,2,5,9,10,13 36
457 1,2,5,9,10,14 36
458 1,2,5,9,10,15 36
459 1,2,5,9,10,16 36
460 1,2,5,9,11,13 36
461 1,2,5,9,11,14 36
462 1,2,5,9,11,15 36
463 1,2,5,9,11,16 36
464 1,2,5,9,12,13 18
465 1,2,5,9,12,14 36
466 1,2,5,9,12,15 36
467 1,2,5,9,12,16 18
468 1,2,5,9,13,14 36
469 1,2,5,9,13,15 36
470 1,2,5,9,14,15 36
471 1,2,5,10,11,14 18
472 1,2,5,10,11,15 36
473 1,2,5,10,11,16 18
474 1,2,5,10,12,14 36
475 1,2,5,10,12,15 36
476 1,2,5,10,13,14 18
477 1,2,5,10,13,15 36
478 1,2,5,10,14,15 36
479 1,2,5,11,13,15 36
480 1,2,5,11,14,15 18
481 1,2,6,7,11,12 18
482 1,2,6,7,11,13 36
483 1,2,6,7,11,14 36
484 1,2,6,7,11,15 18
485 1,2,6,7,12,13 36
486 1,2,6,7,12,14 18
487 1,2,6,8,10,12 36
488 1,2,6,8,10,13 36
489 1,2,6,8,10,14 36
490 1,2,6,8,10,15 36
491 1,2,6,8,11,13 36
492 1,2,6,8,11,14 36
493 1,2,6,8,11,15 36
494 1,2,6,8,12,13 18
495 1,2,6,8,12,14 36
496 1,2,6,8,12,15 36
497 1,2,6,8,13,14 36
498 1,2,6,8,13,15 18
499 1,2,6,9,11,13 36
500 1,2,6,9,11,14 36
501 1,2,6,9,11,15 36
502 1,2,6,9,12,14 36
503 1,2,6,9,12,15 18
504 1,2,6,9,13,14 18
505 1,2,6,10,11,15 9
506 1,2,6,10,12,14 36
507 1,2,7,8,13,14 6
508 1,2,7,9,11,13 36
509 1,2,7,9,11,14 36
510 1,2,7,9,12,14 18
511 1,3,5,7,9,11 18
512 1,3,5,7,9,12 36
513 1,3,5,7,9,13 36
514 1,3,5,7,9,14 18
515 1,3,5,7,10,12 36
516 1,3,5,7,10,13 36
517 1,3,5,7,10,14 36
518 1,3,5,7,10,15 36
519 1,3,5,7,10,16 18
520 1,3,5,7,11,13 36
521 1,3,5,7,11,14 36
522 1,3,5,7,11,15 18
523 1,3,5,7,12,14 18
524 1,3,5,8,10,12 18
525 1,3,5,8,10,13 36
526 1,3,5,8,10,14 36
527 1,3,5,8,10,15 36
528 1,3,5,8,10,16 36
529 1,3,5,8,11,13 36
530 1,3,5,8,11,14 36
531 1,3,5,8,11,15 36
532 1,3,5,8,11,16 36
533 1,3,5,8,12,14 36
534 1,3,5,8,12,15 36
535 1,3,5,8,12,16 18
536 1,3,5,8,13,15 36
537 1,3,5,9,11,13 18
538 1,3,5,9,11,14 36
539 1,3,5,9,11,15 36
540 1,3,5,9,12,14 36
541 1,3,5,9,12,15 18
542 1,3,5,10,12,14 9
543 1,3,6,8,11,13 18
544 1,3,6,8,11,14 36
545 1,3,6,8,11,15 36
546 1,3,6,8,11,16 18
547 1,3,6,8,12,14 36
548 1,3,6,8,12,15 18
549 1,3,6,9,11,14 36
550 1,3,6,9,11,15 18
551 1,3,6,9,12,14 18
552 1,3,6,9,12,15 36
553 1,3,6,9,12,16 36
554 1,3,6,9,13,15 36
555 1,3,6,9,13,16 18
556 1,3,6,10,12,15 18
557 1,3,6,10,12,16 18
558 1,3,6,10,13,15 18
559 1,3,7,9,13,15 6
560 1,4,7,10,13,16 3
