0002 0012 2
0002 0020 3
0002 0021 2
0002 0102 1
0002 0112 1
0002 0120 1
0002 0121 2
0002 0200 3
0002 0201 1
0002 0210 3
0002 0211 1
0002 0222 2
0002 1002 0
0002 1012 2
0002 1020 3
0002 1021 0
0002 1102 1
0002 1112 1
0002 1120 1
0002 1121 0
0002 1200 3
0002 1201 0
0002 1210 3
0002 1211 0
0002 1222 2
0002 2000 0
0002 2001 3
0002 2010 0
0002 2011 2
0002 2022 0
0002 2100 3
0002 2101 1
0002 2110 3
0002 2111 1
0002 2122 1
0002 2202 0
0002 2212 0
0002 2220 0
0002 2221 2
0012 0020 2
0012 0021 3
0012 0102 2
0012 0112 1
0012 0120 1
0012 0121 3
0012 0200 2
0012 0201 1
0012 0210 3
0012 0211 1
0012 0222 1
0012 1002 0
0012 1012 0
0012 1020 2
0012 1021 0
0012 1102 1
0012 1112 1
0012 1120 1
0012 1121 1
0012 1200 2
0012 1201 0
0012 1210 3
0012 1211 0
0012 1222 0
0012 2000 0
0012 2001 3
0012 2010 0
0012 2011 3
0012 2022 2
0012 2100 0
0012 2101 1
0012 2110 3
0012 2111 1
0012 2122 1
0012 2202 2
0012 2212 0
0012 2220 0
0012 2221 3
0020 0021 3
0020 0102 3
0020 0112 2
0020 0120 1
0020 0121 3
0020 0200 1
0020 0201 1
0020 0210 2
0020 0211 1
0020 0222 1
0020 1002 2
0020 1012 0
0020 1020 0
0020 1021 0
0020 1102 0
0020 1112 0
0020 1120 1
0020 1121 3
0020 1200 0
0020 1201 0
0020 1210 2
0020 1211 0
0020 1222 0
0020 2000 2
0020 2001 2
0020 2010 0
0020 2011 3
0020 2022 3
0020 2100 1
0020 2101 1
0020 2110 2
0020 2111 1
0020 2122 1
0020 2202 3
0020 2212 2
0020 2220 0
0020 2221 3
0021 0102 1
0021 0112 2
0021 0120 1
0021 0121 1
0021 0200 3
0021 0201 1
0021 0210 2
0021 0211 2
0021 0222 3
0021 1002 2
0021 1012 3
0021 1020 3
0021 1021 0
0021 1102 1
0021 1112 2
0021 1120 1
0021 1121 1
0021 1200 3
0021 1201 0
0021 1210 2
0021 1211 2
0021 1222 3
0021 2000 0
0021 2001 2
0021 2010 0
0021 2011 0
0021 2022 0
0021 2100 0
0021 2101 1
0021 2110 2
0021 2111 2
0021 2122 1
0021 2202 0
0021 2212 0
0021 2220 0
0021 2221 0
0102 0112 2
0102 0120 3
0102 0121 2
0102 0200 1
0102 0201 3
0102 0210 1
0102 0211 2
0102 0222 1
0102 1002 0
0102 1012 2
0102 1020 3
0102 1021 0
0102 1102 0
0102 1112 2
0102 1120 3
0102 1121 0
0102 1200 1
0102 1201 1
0102 1210 1
0102 1211 0
0102 1222 1
0102 2000 0
0102 2001 3
0102 2010 3
0102 2011 2
0102 2022 0
0102 2100 0
0102 2101 3
0102 2110 3
0102 2111 2
0102 2122 0
0102 2202 1
0102 2212 2
0102 2220 0
0102 2221 1
0112 0120 2
0112 0121 3
0112 0200 1
0112 0201 3
0112 0210 1
0112 0211 3
0112 0222 2
0112 1002 0
0112 1012 0
0112 1020 2
0112 1021 0
0112 1102 0
0112 1112 0
0112 1120 2
0112 1121 2
0112 1200 1
0112 1201 0
0112 1210 1
0112 1211 0
0112 1222 0
0112 2000 0
0112 2001 3
0112 2010 0
0112 2011 3
0112 2022 2
0112 2100 0
0112 2101 3
0112 2110 0
0112 2111 3
0112 2122 2
0112 2202 1
0112 2212 1
0112 2220 0
0112 2221 1
0120 0121 3
0120 0200 2
0120 0201 2
0120 0210 1
0120 0211 3
0120 0222 3
0120 1002 0
0120 1012 0
0120 1020 0
0120 1021 0
0120 1102 2
0120 1112 0
0120 1120 0
0120 1121 0
0120 1200 0
0120 1201 1
0120 1210 1
0120 1211 1
0120 1222 1
0120 2000 2
0120 2001 2
0120 2010 0
0120 2011 3
0120 2022 3
0120 2100 2
0120 2101 2
0120 2110 0
0120 2111 3
0120 2122 3
0120 2202 1
0120 2212 1
0120 2220 1
0120 2221 1
0121 0200 1
0121 0201 2
0121 0210 1
0121 0211 1
0121 0222 1
0121 1002 2
0121 1012 3
0121 1020 3
0121 1021 0
0121 1102 2
0121 1112 3
0121 1120 3
0121 1121 0
0121 1200 1
0121 1201 0
0121 1210 1
0121 1211 1
0121 1222 1
0121 2000 0
0121 2001 2
0121 2010 0
0121 2011 0
0121 2022 0
0121 2100 0
0121 2101 2
0121 2110 0
0121 2111 0
0121 2122 0
0121 2202 1
0121 2212 1
0121 2220 1
0121 2221 1
0200 0201 3
0200 0210 2
0200 0211 3
0200 0222 2
0200 1002 1
0200 1012 0
0200 1020 1
0200 1021 0
0200 1102 0
0200 1112 0
0200 1120 2
0200 1121 2
0200 1200 0
0200 1201 0
0200 1210 2
0200 1211 0
0200 1222 0
0200 2000 1
0200 2001 1
0200 2010 1
0200 2011 1
0200 2022 1
0200 2100 0
0200 2101 3
0200 2110 0
0200 2111 3
0200 2122 2
0200 2202 3
0200 2212 2
0200 2220 0
0200 2221 3
0201 0210 2
0201 0211 2
0201 0222 3
0201 1002 1
0201 1012 1
0201 1020 1
0201 1021 1
0201 1102 3
0201 1112 3
0201 1120 2
0201 1121 2
0201 1200 3
0201 1201 0
0201 1210 2
0201 1211 2
0201 1222 3
0201 2000 0
0201 2001 1
0201 2010 0
0201 2011 2
0201 2022 0
0201 2100 0
0201 2101 0
0201 2110 0
0201 2111 0
0201 2122 0
0201 2202 0
0201 2212 3
0201 2220 0
0201 2221 0
0210 0211 3
0210 0222 3
0210 1002 0
0210 1012 1
0210 1020 0
0210 1021 0
0210 1102 0
0210 1112 0
0210 1120 0
0210 1121 0
0210 1200 0
0210 1201 0
0210 1210 0
0210 1211 0
0210 1222 2
0210 2000 1
0210 2001 1
0210 2010 1
0210 2011 1
0210 2022 1
0210 2100 2
0210 2101 2
0210 2110 0
0210 2111 3
0210 2122 3
0210 2202 3
0210 2212 3
0210 2220 2
0210 2221 2
0211 0222 2
0211 1002 1
0211 1012 1
0211 1020 1
0211 1021 1
0211 1102 2
0211 1112 3
0211 1120 3
0211 1121 0
0211 1200 3
0211 1201 0
0211 1210 3
0211 1211 0
0211 1222 2
0211 2000 0
0211 2001 1
0211 2010 0
0211 2011 1
0211 2022 0
0211 2100 2
0211 2101 2
0211 2110 0
0211 2111 0
0211 2122 0
0211 2202 0
0211 2212 0
0211 2220 2
0211 2221 2
0222 1002 0
0222 1012 1
0222 1020 1
0222 1021 3
0222 1102 0
0222 1112 2
0222 1120 3
0222 1121 0
0222 1200 2
0222 1201 2
0222 1210 3
0222 1211 0
0222 1222 0
0222 2000 0
0222 2001 3
0222 2010 0
0222 2011 1
0222 2022 1
0222 2100 0
0222 2101 3
0222 2110 0
0222 2111 2
0222 2122 0
0222 2202 2
0222 2212 0
0222 2220 0
0222 2221 3
1002 1012 2
1002 1020 3
1002 1021 2
1002 1102 1
1002 1112 1
1002 1120 3
1002 1121 2
1002 1200 3
1002 1201 1
1002 1210 3
1002 1211 1
1002 1222 2
1002 2000 3
1002 2001 0
1002 2010 3
1002 2011 0
1002 2022 2
1002 2100 3
1002 2101 0
1002 2110 3
1002 2111 0
1002 2122 2
1002 2202 1
1002 2212 1
1002 2220 1
1002 2221 0
1012 1020 2
1012 1021 3
1012 1102 2
1012 1112 1
1012 1120 1
1012 1121 3
1012 1200 2
1012 1201 1
1012 1210 3
1012 1211 1
1012 1222 1
1012 2000 2
1012 2001 0
1012 2010 3
1012 2011 0
1012 2022 0
1012 2100 2
1012 2101 0
1012 2110 3
1012 2111 0
1012 2122 0
1012 2202 0
1012 2212 1
1012 2220 1
1012 2221 0
1020 1021 3
1020 1102 3
1020 1112 2
1020 1120 1
1020 1121 3
1020 1200 1
1020 1201 1
1020 1210 2
1020 1211 3
1020 1222 1
1020 2000 0
1020 2001 0
1020 2010 2
1020 2011 0
1020 2022 0
1020 2100 0
1020 2101 0
1020 2110 2
1020 2111 2
1020 2122 0
1020 2202 0
1020 2212 0
1020 2220 1
1020 2221 0
1021 1102 1
1021 1112 3
1021 1120 1
1021 1121 1
1021 1200 3
1021 1201 1
1021 1210 2
1021 1211 2
1021 1222 3
1021 2000 3
1021 2001 0
1021 2010 2
1021 2011 2
1021 2022 3
1021 2100 3
1021 2101 0
1021 2110 2
1021 2111 2
1021 2122 3
1021 2202 1
1021 2212 1
1021 2220 1
1021 2221 1
1102 1112 2
1102 1120 3
1102 1121 2
1102 1200 1
1102 1201 3
1102 1210 3
1102 1211 2
1102 1222 1
1102 2000 1
1102 2001 3
1102 2010 1
1102 2011 2
1102 2022 1
1102 2100 3
1102 2101 0
1102 2110 3
1102 2111 0
1102 2122 2
1102 2202 0
1102 2212 2
1102 2220 3
1102 2221 0
1112 1120 2
1112 1121 3
1112 1200 1
1112 1201 3
1112 1210 1
1112 1211 3
1112 1222 2
1112 2000 1
1112 2001 3
1112 2010 1
1112 2011 0
1112 2022 2
1112 2100 2
1112 2101 0
1112 2110 3
1112 2111 0
1112 2122 0
1112 2202 0
1112 2212 0
1112 2220 2
1112 2221 0
1120 1121 3
1120 1200 2
1120 1201 2
1120 1210 1
1120 1211 3
1120 1222 3
1120 2000 2
1120 2001 2
1120 2010 1
1120 2011 3
1120 2022 3
1120 2100 0
1120 2101 0
1120 2110 2
1120 2111 3
1120 2122 0
1120 2202 0
1120 2212 0
1120 2220 0
1120 2221 0
1121 1200 1
1121 1201 2
1121 1210 1
1121 1211 1
1121 1222 1
1121 2000 1
1121 2001 2
1121 2010 1
1121 2011 1
1121 2022 1
1121 2100 3
1121 2101 0
1121 2110 2
1121 2111 2
1121 2122 3
1121 2202 2
1121 2212 3
1121 2220 3
1121 2221 0
1200 1201 3
1200 1210 2
1200 1211 3
1200 1222 2
1200 2000 0
1200 2001 0
1200 2010 2
1200 2011 3
1200 2022 0
1200 2100 1
1200 2101 0
1200 2110 1
1200 2111 0
1200 2122 0
1200 2202 0
1200 2212 0
1200 2220 2
1200 2221 2
1201 1210 2
1201 1211 2
1201 1222 3
1201 2000 3
1201 2001 0
1201 2010 2
1201 2011 2
1201 2022 3
1201 2100 1
1201 2101 1
1201 2110 1
1201 2111 1
1201 2122 1
1201 2202 3
1201 2212 3
1201 2220 2
1201 2221 2
1210 1211 3
1210 1222 3
1210 2000 0
1210 2001 0
1210 2010 0
1210 2011 0
1210 2022 0
1210 2100 0
1210 2101 0
1210 2110 1
1210 2111 0
1210 2122 0
1210 2202 0
1210 2212 0
1210 2220 0
1210 2221 0
1211 1222 2
1211 2000 3
1211 2001 0
1211 2010 3
1211 2011 0
1211 2022 2
1211 2100 1
1211 2101 0
1211 2110 1
1211 2111 1
1211 2122 1
1211 2202 2
1211 2212 3
1211 2220 3
1211 2221 0
1222 2000 2
1222 2001 2
1222 2010 3
1222 2011 0
1222 2022 0
1222 2100 1
1222 2101 0
1222 2110 2
1222 2111 2
1222 2122 1
1222 2202 0
1222 2212 2
1222 2220 3
1222 2221 0
2000 2001 3
2000 2010 2
2000 2011 3
2000 2022 2
2000 2100 1
2000 2101 3
2000 2110 1
2000 2111 3
2000 2122 2
2000 2202 1
2000 2212 1
2000 2220 2
2000 2221 3
2001 2010 2
2001 2011 2
2001 2022 3
2001 2100 1
2001 2101 1
2001 2110 1
2001 2111 1
2001 2122 1
2001 2202 3
2001 2212 3
2001 2220 2
2001 2221 2
2010 2011 3
2010 2022 3
2010 2100 2
2010 2101 2
2010 2110 1
2010 2111 3
2010 2122 3
2010 2202 1
2010 2212 1
2010 2220 1
2010 2221 1
2011 2022 2
2011 2100 2
2011 2101 2
2011 2110 1
2011 2111 1
2011 2122 1
2011 2202 2
2011 2212 3
2011 2220 3
2011 2221 1
2022 2100 1
2022 2101 3
2022 2110 3
2022 2111 2
2022 2122 1
2022 2202 1
2022 2212 2
2022 2220 3
2022 2221 1
2100 2101 3
2100 2110 2
2100 2111 3
2100 2122 2
2100 2202 3
2100 2212 2
2100 2220 1
2100 2221 3
2101 2110 2
2101 2111 2
2101 2122 3
2101 2202 1
2101 2212 3
2101 2220 1
2101 2221 1
2110 2111 3
2110 2122 3
2110 2202 3
2110 2212 3
2110 2220 2
2110 2221 2
2111 2122 2
2111 2202 1
2111 2212 1
2111 2220 1
2111 2221 2
2122 2202 2
2122 2212 1
2122 2220 1
2122 2221 3
2202 2212 2
2202 2220 3
2202 2221 2
2212 2220 2
2212 2221 3
2220 2221 3
