002 012 1
002 020 2
002 021 1
002 102 0
002 112 0
002 120 2
002 121 1
002 200 2
002 201 0
002 210 2
002 211 0
002 222 1
012 020 1
012 021 2
012 102 1
012 112 0
012 120 1
012 121 0
012 200 2
012 201 1
012 210 2
012 211 0
012 222 0
020 021 2
020 102 0
020 112 1
020 120 0
020 121 0
020 200 1
020 201 2
020 210 0
020 211 0
020 222 2
021 102 1
021 112 2
021 120 2
021 121 0
021 200 1
021 201 1
021 210 0
021 211 0
021 222 0
102 112 1
102 120 2
102 121 1
102 200 0
102 201 2
102 210 1
102 211 2
102 222 0
112 120 1
112 121 2
112 200 0
112 201 2
112 210 0
112 211 2
112 222 1
120 121 2
120 200 0
120 201 0
120 210 1
120 211 1
120 222 0
121 200 0
121 201 0
121 210 2
121 211 1
121 222 2
200 201 2
200 210 1
200 211 1
200 222 2
201 210 2
201 211 1
201 222 1
210 211 2
210 222 1
211 222 2
