0000 0001 3
0000 0010 2
0000 0011 2
0000 0022 3
0000 0100 1
0000 0101 1
0000 0110 1
0000 0111 1
0000 0122 1
0000 0202 3
0000 0212 3
0000 0220 2
0000 0221 2
0000 1000 0
0000 1001 0
0000 1010 0
0000 1011 0
0000 1022 3
0000 1100 1
0000 1101 1
0000 1110 1
0000 1111 1
0000 1122 3
0000 1202 3
0000 1212 3
0000 1220 2
0000 1221 2
0000 2002 3
0000 2012 3
0000 2020 2
0000 2021 2
0000 2102 1
0000 2112 1
0000 2120 1
0000 2121 2
0000 2200 0
0000 2201 0
0000 2210 0
0000 2211 0
0000 2222 3
0001 0010 3
0001 0011 2
0001 0022 2
0001 0100 3
0001 0101 1
0001 0110 3
0001 0111 1
0001 0122 2
0001 0202 1
0001 0212 1
0001 0220 2
0001 0221 2
0001 1000 3
0001 1001 0
0001 1010 3
0001 1011 0
0001 1022 2
0001 1100 3
0001 1101 1
0001 1110 3
0001 1111 1
0001 1122 2
0001 1202 1
0001 1212 1
0001 1220 3
0001 1221 2
0001 2002 0
0001 2012 0
0001 2020 3
0001 2021 2
0001 2102 0
0001 2112 0
0001 2120 0
0001 2121 2
0001 2200 0
0001 2201 0
0001 2210 0
0001 2211 0
0001 2222 0
0010 0011 3
0010 0022 2
0010 0100 2
0010 0101 2
0010 0110 1
0010 0111 1
0010 0122 1
0010 0202 2
0010 0212 3
0010 0220 1
0010 0221 3
0010 1000 2
0010 1001 0
0010 1010 0
0010 1011 0
0010 1022 0
0010 1100 2
0010 1101 3
0010 1110 1
0010 1111 1
0010 1122 1
0010 1202 2
0010 1212 3
0010 1220 1
0010 1221 3
0010 2002 2
0010 2012 3
0010 2020 0
0010 2021 3
0010 2102 0
0010 2112 1
0010 2120 0
0010 2121 3
0010 2200 2
0010 2201 2
0010 2210 0
0010 2211 0
0010 2222 0
0011 0022 3
0011 0100 2
0011 0101 2
0011 0110 3
0011 0111 1
0011 0122 3
0011 0202 3
0011 0212 1
0011 0220 1
0011 0221 1
0011 1000 2
0011 1001 2
0011 1010 3
0011 1011 0
0011 1022 3
0011 1100 2
0011 1101 2
0011 1110 3
0011 1111 1
0011 1122 3
0011 1202 1
0011 1212 1
0011 1220 1
0011 1221 1
0011 2002 3
0011 2012 0
0011 2020 0
0011 2021 0
0011 2102 0
0011 2112 0
0011 2120 0
0011 2121 0
0011 2200 1
0011 2201 0
0011 2210 0
0011 2211 0
0011 2222 0
0022 0100 3
0022 0101 1
0022 0110 2
0022 0111 3
0022 0122 1
0022 0202 1
0022 0212 2
0022 0220 1
0022 0221 3
0022 1000 3
0022 1001 0
0022 1010 2
0022 1011 0
0022 1022 0
0022 1100 3
0022 1101 1
0022 1110 2
0022 1111 1
0022 1122 1
0022 1202 1
0022 1212 2
0022 1220 1
0022 1221 3
0022 2002 0
0022 2012 2
0022 2020 0
0022 2021 3
0022 2102 0
0022 2112 2
0022 2120 0
0022 2121 3
0022 2200 3
0022 2201 0
0022 2210 1
0022 2211 2
0022 2222 0
0100 0101 3
0100 0110 2
0100 0111 2
0100 0122 3
0100 0202 1
0100 0212 1
0100 0220 1
0100 0221 1
0100 1000 0
0100 1001 0
0100 1010 0
0100 1011 0
0100 1022 0
0100 1100 0
0100 1101 0
0100 1110 0
0100 1111 0
0100 1122 0
0100 1202 0
0100 1212 0
0100 1220 0
0100 1221 0
0100 2002 3
0100 2012 3
0100 2020 2
0100 2021 2
0100 2102 3
0100 2112 3
0100 2120 2
0100 2121 2
0100 2200 1
0100 2201 1
0100 2210 1
0100 2211 1
0100 2222 1
0101 0110 3
0101 0111 2
0101 0122 2
0101 0202 3
0101 0212 2
0101 0220 3
0101 0221 1
0101 1000 0
0101 1001 0
0101 1010 3
0101 1011 0
0101 1022 1
0101 1100 3
0101 1101 0
0101 1110 3
0101 1111 0
0101 1122 2
0101 1202 0
0101 1212 0
0101 1220 3
0101 1221 0
0101 2002 1
0101 2012 1
0101 2020 3
0101 2021 2
0101 2102 0
0101 2112 0
0101 2120 3
0101 2121 2
0101 2200 3
0101 2201 1
0101 2210 3
0101 2211 1
0101 2222 2
0110 0111 3
0110 0122 2
0110 0202 1
0110 0212 1
0110 0220 2
0110 0221 2
0110 1000 0
0110 1001 0
0110 1010 0
0110 1011 0
0110 1022 0
0110 1100 2
0110 1101 3
0110 1110 0
0110 1111 0
0110 1122 0
0110 1202 0
0110 1212 0
0110 1220 0
0110 1221 1
0110 2002 2
0110 2012 3
0110 2020 1
0110 2021 3
0110 2102 2
0110 2112 3
0110 2120 0
0110 2121 3
0110 2200 2
0110 2201 2
0110 2210 1
0110 2211 1
0110 2222 1
0111 0122 3
0111 0202 3
0111 0212 3
0111 0220 2
0111 0221 2
0111 1000 2
0111 1001 0
0111 1010 3
0111 1011 0
0111 1022 3
0111 1100 2
0111 1101 2
0111 1110 3
0111 1111 0
0111 1122 3
0111 1202 0
0111 1212 0
0111 1220 0
0111 1221 0
0111 2002 3
0111 2012 1
0111 2020 1
0111 2021 1
0111 2102 2
0111 2112 0
0111 2120 0
0111 2121 0
0111 2200 2
0111 2201 2
0111 2210 3
0111 2211 1
0111 2222 3
0122 0202 2
0122 0212 1
0122 0220 3
0122 0221 1
0122 1000 3
0122 1001 0
0122 1010 1
0122 1011 0
0122 1022 0
0122 1100 3
0122 1101 0
0122 1110 2
0122 1111 3
0122 1122 0
0122 1202 2
0122 1212 1
0122 1220 3
0122 1221 1
0122 2002 0
0122 2012 2
0122 2020 0
0122 2021 3
0122 2102 0
0122 2112 2
0122 2120 0
0122 2121 3
0122 2200 3
0122 2201 1
0122 2210 2
0122 2211 1
0122 2222 1
0202 0212 2
0202 0220 2
0202 0221 3
0202 1000 0
0202 1001 0
0202 1010 0
0202 1011 0
0202 1022 1
0202 1100 1
0202 1101 3
0202 1110 1
0202 1111 3
0202 1122 2
0202 1202 0
0202 1212 0
0202 1220 2
0202 1221 3
0202 2002 1
0202 2012 1
0202 2020 2
0202 2021 3
0202 2102 0
0202 2112 0
0202 2120 0
0202 2121 2
0202 2200 0
0202 2201 3
0202 2210 0
0202 2211 3
0202 2222 2
0212 0220 3
0212 0221 2
0212 1000 0
0212 1001 0
0212 1010 0
0212 1011 0
0212 1022 2
0212 1100 2
0212 1101 2
0212 1110 1
0212 1111 3
0212 1122 1
0212 1202 2
0212 1212 0
0212 1220 3
0212 1221 2
0212 2002 1
0212 2012 1
0212 2020 3
0212 2021 1
0212 2102 0
0212 2112 0
0212 2120 0
0212 2121 0
0212 2200 0
0212 2201 3
0212 2210 0
0212 2211 3
0212 2222 0
0220 0221 3
0220 1000 0
0220 1001 3
0220 1010 1
0220 1011 0
0220 1022 1
0220 1100 1
0220 1101 3
0220 1110 2
0220 1111 2
0220 1122 3
0220 1202 2
0220 1212 3
0220 1220 0
0220 1221 0
0220 2002 1
0220 2012 3
0220 2020 1
0220 2021 1
0220 2102 0
0220 2112 0
0220 2120 0
0220 2121 0
0220 2200 0
0220 2201 0
0220 2210 2
0220 2211 2
0220 2222 3
0221 1000 0
0221 1001 0
0221 1010 3
0221 1011 0
0221 1022 3
0221 1100 1
0221 1101 1
0221 1110 1
0221 1111 2
0221 1122 1
0221 1202 3
0221 1212 2
0221 1220 3
0221 1221 0
0221 2002 3
0221 2012 2
0221 2020 1
0221 2021 1
0221 2102 1
0221 2112 0
0221 2120 0
0221 2121 0
0221 2200 0
0221 2201 0
0221 2210 2
0221 2211 2
0221 2222 0
1000 1001 3
1000 1010 2
1000 1011 2
1000 1022 3
1000 1100 1
1000 1101 1
1000 1110 1
1000 1111 1
1000 1122 3
1000 1202 3
1000 1212 3
1000 1220 2
1000 1221 2
1000 2002 0
1000 2012 2
1000 2020 0
1000 2021 0
1000 2102 1
1000 2112 3
1000 2120 1
1000 2121 1
1000 2200 1
1000 2201 3
1000 2210 2
1000 2211 2
1000 2222 3
1001 1010 3
1001 1011 2
1001 1022 2
1001 1100 3
1001 1101 1
1001 1110 3
1001 1111 1
1001 1122 2
1001 1202 1
1001 1212 1
1001 1220 3
1001 1221 2
1001 2002 3
1001 2012 2
1001 2020 3
1001 2021 0
1001 2102 3
1001 2112 2
1001 2120 3
1001 2121 1
1001 2200 1
1001 2201 1
1001 2210 2
1001 2211 2
1001 2222 1
1010 1011 3
1010 1022 2
1010 1100 2
1010 1101 3
1010 1110 1
1010 1111 1
1010 1122 1
1010 1202 2
1010 1212 3
1010 1220 1
1010 1221 3
1010 2002 0
1010 2012 0
1010 2020 2
1010 2021 3
1010 2102 1
1010 2112 1
1010 2120 2
1010 2121 2
1010 2200 1
1010 2201 3
1010 2210 1
1010 2211 3
1010 2222 2
1011 1022 3
1011 1100 2
1011 1101 2
1011 1110 3
1011 1111 1
1011 1122 3
1011 1202 3
1011 1212 1
1011 1220 1
1011 1221 1
1011 2002 3
1011 2012 3
1011 2020 2
1011 2021 2
1011 2102 3
1011 2112 3
1011 2120 2
1011 2121 2
1011 2200 1
1011 2201 1
1011 2210 1
1011 2211 1
1011 2222 1
1022 1100 3
1022 1101 1
1022 1110 2
1022 1111 3
1022 1122 1
1022 1202 1
1022 1212 2
1022 1220 1
1022 1221 3
1022 2002 2
1022 2012 0
1022 2020 3
1022 2021 0
1022 2102 2
1022 2112 0
1022 2120 3
1022 2121 0
1022 2200 3
1022 2201 2
1022 2210 1
1022 2211 3
1022 2222 1
1100 1101 3
1100 1110 2
1100 1111 2
1100 1122 3
1100 1202 1
1100 1212 3
1100 1220 1
1100 1221 1
1100 2002 0
1100 2012 2
1100 2020 0
1100 2021 0
1100 2102 0
1100 2112 3
1100 2120 0
1100 2121 0
1100 2200 0
1100 2201 0
1100 2210 0
1100 2211 0
1100 2222 0
1101 1110 3
1101 1111 2
1101 1122 2
1101 1202 3
1101 1212 2
1101 1220 3
1101 1221 1
1101 2002 3
1101 2012 2
1101 2020 3
1101 2021 0
1101 2102 3
1101 2112 2
1101 2120 3
1101 2121 0
1101 2200 0
1101 2201 0
1101 2210 2
1101 2211 0
1101 2222 0
1110 1111 3
1110 1122 2
1110 1202 1
1110 1212 1
1110 1220 2
1110 1221 3
1110 2002 0
1110 2012 0
1110 2020 2
1110 2021 0
1110 2102 0
1110 2112 0
1110 2120 2
1110 2121 3
1110 2200 0
1110 2201 3
1110 2210 0
1110 2211 0
1110 2222 0
1111 1122 3
1111 1202 3
1111 1212 3
1111 1220 2
1111 1221 2
1111 2002 3
1111 2012 1
1111 2020 2
1111 2021 0
1111 2102 3
1111 2112 3
1111 2120 2
1111 2121 2
1111 2200 0
1111 2201 0
1111 2210 0
1111 2211 0
1111 2222 3
1122 1202 2
1122 1212 1
1122 1220 3
1122 1221 1
1122 2002 2
1122 2012 0
1122 2020 3
1122 2021 0
1122 2102 2
1122 2112 0
1122 2120 3
1122 2121 0
1122 2200 3
1122 2201 0
1122 2210 0
1122 2211 0
1122 2222 0
1202 1212 2
1202 1220 2
1202 1221 3
1202 2002 0
1202 2012 0
1202 2020 0
1202 2021 0
1202 2102 1
1202 2112 1
1202 2120 1
1202 2121 3
1202 2200 3
1202 2201 0
1202 2210 3
1202 2211 0
1202 2222 0
1212 1220 3
1212 1221 2
1212 2002 0
1212 2012 0
1212 2020 0
1212 2021 0
1212 2102 1
1212 2112 1
1212 2120 1
1212 2121 2
1212 2200 3
1212 2201 0
1212 2210 3
1212 2211 0
1212 2222 2
1220 1221 3
1220 2002 0
1220 2012 1
1220 2020 0
1220 2021 0
1220 2102 2
1220 2112 3
1220 2120 1
1220 2121 1
1220 2200 2
1220 2201 2
1220 2210 0
1220 2211 0
1220 2222 0
1221 2002 3
1221 2012 0
1221 2020 0
1221 2021 0
1221 2102 3
1221 2112 1
1221 2120 1
1221 2121 1
1221 2200 2
1221 2201 2
1221 2210 0
1221 2211 0
1221 2222 3
2002 2012 2
2002 2020 2
2002 2021 3
2002 2102 1
2002 2112 1
2002 2120 2
2002 2121 3
2002 2200 1
2002 2201 3
2002 2210 1
2002 2211 3
2002 2222 2
2012 2020 3
2012 2021 2
2012 2102 2
2012 2112 1
2012 2120 3
2012 2121 2
2012 2200 1
2012 2201 3
2012 2210 1
2012 2211 3
2012 2222 1
2020 2021 3
2020 2102 2
2020 2112 3
2020 2120 1
2020 2121 1
2020 2200 1
2020 2201 1
2020 2210 2
2020 2211 2
2020 2222 3
2021 2102 3
2021 2112 2
2021 2120 3
2021 2121 1
2021 2200 1
2021 2201 1
2021 2210 2
2021 2211 2
2021 2222 1
2102 2112 2
2102 2120 2
2102 2121 3
2102 2200 3
2102 2201 1
2102 2210 3
2102 2211 1
2102 2222 1
2112 2120 3
2112 2121 2
2112 2200 3
2112 2201 1
2112 2210 3
2112 2211 1
2112 2222 2
2120 2121 3
2120 2200 2
2120 2201 2
2120 2210 1
2120 2211 1
2120 2222 1
2121 2200 2
2121 2201 2
2121 2210 1
2121 2211 1
2121 2222 3
2200 2201 3
2200 2210 2
2200 2211 2
2200 2222 3
2201 2210 3
2201 2211 2
2201 2222 2
2210 2211 3
2210 2222 2
2211 2222 3
