000 003 2
000 010 1
000 011 1
000 032 2
000 101 0
000 102 2
000 113 1
000 132 2
000 210 1
000 213 1
000 221 2
000 302 0
000 320 0
000 323 0
000 331 0
003 010 1
003 011 2
003 032 1
003 101 0
003 102 0
003 113 0
003 132 1
003 210 2
003 213 1
003 221 0
003 302 2
003 320 2
003 323 0
003 331 1
010 011 2
010 032 2
010 101 0
010 102 2
010 113 0
010 132 0
010 210 0
010 213 2
010 221 1
010 302 2
010 320 1
010 323 1
010 331 0
011 032 1
011 101 0
011 102 1
011 113 2
011 132 2
011 210 0
011 213 0
011 221 0
011 302 0
011 320 1
011 323 2
011 331 1
032 101 0
032 102 0
032 113 1
032 132 0
032 210 2
032 213 0
032 221 1
032 302 1
032 320 0
032 323 2
032 331 2
101 102 2
101 113 1
101 132 2
101 210 2
101 213 1
101 221 1
101 302 2
101 320 1
101 323 2
101 331 1
102 113 2
102 132 1
102 210 0
102 213 1
102 221 1
102 302 0
102 320 2
102 323 1
102 331 0
113 132 1
113 210 2
113 213 0
113 221 2
113 302 0
113 320 0
113 323 1
113 331 2
132 210 1
132 213 2
132 221 0
132 302 0
132 320 1
132 323 0
132 331 2
210 213 2
210 221 1
210 302 1
210 320 0
210 323 0
210 331 1
213 221 2
213 302 1
213 320 2
213 323 0
213 331 0
221 302 2
221 320 0
221 323 2
221 331 0
302 320 1
302 323 1
302 331 2
320 323 2
320 331 2
323 331 1
