# last-completing sign patterns, k = 31,32,33 (lambda_coverage --endgame 256)
# columns: k  patterns_still_unseen  first_occurrence_start  pattern_code
31 255 34517282113 851789002
31 254 34518186414 460082098
31 253 34528966209 1403931702
31 252 34538490764 1531582550
31 251 34556776228 1743970125
31 250 34561534676 1352848456
31 249 34578977716 456833840
31 248 34582291331 1651518728
31 247 34595614599 1645940150
31 246 34606636610 1963638033
31 245 34609681981 1598708623
31 244 34627294525 389514768
31 243 34630309009 1677202241
31 242 34651534738 2140158571
31 241 34656786469 121604511
31 240 34657355554 644016989
31 239 34661348652 744685808
31 238 34732980955 751257010
31 237 34748137482 1845376068
31 236 34785623514 727146730
31 235 34797064846 606180406
31 234 34828179570 1571947049
31 233 34831559035 295753199
31 232 34833122754 383648434
31 231 34851670832 919134251
31 230 34863152912 168484823
31 229 34863715956 498382658
31 228 34868463950 1778671056
31 227 34869174364 1759051401
31 226 34875581450 733910821
31 225 34878364447 1876258138
31 224 34881676516 1930365226
31 223 34904206245 949166143
31 222 34922560300 2031733158
31 221 34925305206 1865805274
31 220 34931978592 964490424
31 219 34944030572 1359735756
31 218 34949528782 1626097858
31 217 34951788957 1721500135
31 216 34976788207 912476693
31 215 34995413883 1775498237
31 214 35010685612 130260679
31 213 35021225678 1613652525
31 212 35021383911 1714211109
31 211 35048642234 851363842
31 210 35058700544 889784073
31 209 35058902816 50917491
31 208 35060155298 41866554
31 207 35064065119 1743616669
31 206 35066698507 1115644277
31 205 35074632851 986546376
31 204 35085740885 91155824
31 203 35088976023 1686132812
31 202 35092175187 305716765
31 201 35136229616 242761826
31 200 35140836081 1549341195
31 199 35149841783 1028655449
31 198 35154781953 937769853
31 197 35156197855 1491604324
31 196 35185709953 172536342
31 195 35187869998 713093323
31 194 35188962611 900776015
31 193 35191759630 455967752
31 192 35191989081 424172653
31 191 35214863865 1108213873
31 190 35249152121 2085399238
31 189 35260809263 136473820
31 188 35268056865 2013114070
31 187 35281803933 1811774224
31 186 35292009209 265800564
31 185 35319680968 824131913
31 184 35327738586 1238244895
31 183 35334115565 1076862625
31 182 35360744262 1234299881
31 181 35377755372 76886677
31 180 35383040578 1308648971
31 179 35388603989 1799485041
31 178 35393189988 602304488
31 177 35395361099 1528742116
31 176 35397383946 1478659146
31 175 35403104921 1034217001
31 174 35411251187 739291187
31 173 35427020128 49194957
31 172 35433708086 1383556475
31 171 35461293316 298434628
31 170 35469918607 33607804
31 169 35471269747 2139493314
31 168 35475105069 2125804065
31 167 35476675879 1066156265
31 166 35480358310 500384362
31 165 35488212488 287104135
31 164 35498233929 1919348238
31 163 35502501896 1824197472
31 162 35505850567 2134004141
31 161 35515406799 803418557
31 160 35530713611 252280051
31 159 35573063464 1752910433
31 158 35579389639 208377064
31 157 35613672107 1775084633
31 156 35617201425 2003840058
31 155 35657357526 292896243
31 154 35663543259 2079671966
31 153 35669562471 451803631
31 152 35686952266 372173211
31 151 35736367353 1404638306
31 150 35752155928 475098726
31 149 35800515235 445944326
31 148 35812226239 806858136
31 147 35820428516 685755242
31 146 35823726749 1745456010
31 145 35824457166 1898947930
31 144 35837212804 1037211389
31 143 35837219882 1859085797
31 142 35844780595 1459842973
31 141 35855751428 2045956896
31 140 35887351783 917097576
31 139 35893648544 1116720633
31 138 35896008132 1508629202
31 137 35906542373 1280918893
31 136 35910358771 2142250729
31 135 35913198168 1395875741
31 134 35917488462 241608336
31 133 35934145510 2103150289
31 132 35982541437 939245153
31 131 36004003794 573388601
31 130 36010375407 2004382756
31 129 36024505615 1331618537
31 128 36049638026 855582157
31 127 36054596160 623774504
31 126 36075518238 1479144626
31 125 36082197621 1445472227
31 124 36085331250 1313165021
31 123 36091344532 741932158
31 122 36126259576 1774930355
31 121 36140922818 817304634
31 120 36142862554 1157612601
31 119 36146762139 2071990162
31 118 36163170394 1136011839
31 117 36195081655 1441394559
31 116 36269014622 109178218
31 115 36294687731 985920992
31 114 36348888545 288780360
31 113 36352096677 968555044
31 112 36353175978 185040281
31 111 36390133191 181053041
31 110 36424698683 751717430
31 109 36435688858 1069125004
31 108 36456461541 553629451
31 107 36467211204 1453942637
31 106 36480804949 1289509719
31 105 36499977192 1504483805
31 104 36504540416 1186711655
31 103 36528366158 1993485729
31 102 36555127858 675616066
31 101 36595758171 861244708
31 100 36614246324 1447531404
31 99 36617388296 1270624921
31 98 36649573046 1246290645
31 97 36671944156 1358141277
31 96 36720908171 1797792388
31 95 36725797126 713281048
31 94 36752007839 1010093306
31 93 36867432247 1395604899
31 92 36894823778 578326114
31 91 36906905997 368266558
31 90 36923609542 1237031311
31 89 36929565402 1440076503
31 88 36955305434 2023702878
31 87 36977374225 1546442397
31 86 37008538100 797090776
31 85 37025578510 1594079911
31 84 37108510920 1188264595
31 83 37126197763 109926952
31 82 37149351682 762407888
31 81 37236951245 699228493
31 80 37237547754 2066716259
31 79 37269703438 1923052365
31 78 37275765385 1478036811
31 77 37276606828 148306259
31 76 37341578574 534953312
31 75 37362407891 420855337
31 74 37377480619 1435272084
31 73 37402412873 1059329060
31 72 37417024848 2021284267
31 71 37439028278 1109941943
31 70 37469759321 699265639
31 69 37576822934 996683232
31 68 37617559825 1248324504
31 67 37672756384 1882788815
31 66 37759598743 925779241
31 65 37825648319 747243685
31 64 37830221197 1677814066
31 63 37845550512 1525972940
31 62 37913488822 615123833
31 61 37991313285 433502816
31 60 38032016320 2063653218
31 59 38078049624 371404726
31 58 38151765464 1560238535
31 57 38237629999 1741224673
31 56 38393239076 1061754339
31 55 38428982031 240290794
31 54 38433678937 1842716165
31 53 38518072436 1563371047
31 52 38556467979 1892700118
31 51 38561587449 2143520121
31 50 38698787934 1332245400
31 49 38742051875 2028936187
31 48 38770805848 290620135
31 47 38774074691 508791376
31 46 38804750827 1333104695
31 45 38818890668 1354778898
31 44 38902834874 1159329409
31 43 38973926744 657486426
31 42 39147245275 1007776735
31 41 39153409022 969237639
31 40 39181402026 33424096
31 39 39291338808 1194336902
31 38 39372323903 437498477
31 37 39403994421 836403732
31 36 39562314317 169474070
31 35 39584892132 905951985
31 34 39608608921 1845531136
31 33 39615553746 2056678231
31 32 39623612286 1662345035
31 31 39631056247 1342050566
31 30 39638003440 1986365724
31 29 39760132817 46128368
31 28 39763039781 431282025
31 27 39875146033 1916690751
31 26 39911700707 1647781135
31 25 39936376955 143020325
31 24 39992994696 489615295
31 23 40044884894 2028942949
31 22 40102444651 1325981544
31 21 40119973237 1199962341
31 20 40134485296 642668962
31 19 40441859272 286758296
31 18 40468649779 92451258
31 17 40569336831 1120334255
31 16 40638509172 681384478
31 15 40787439812 1560078521
31 14 40987556722 1115349885
31 13 41002653300 2005494748
31 12 41191074466 329047950
31 11 41670757277 922237031
31 10 41688222367 1907342205
31 9 41790437345 1003739949
31 8 41867145615 1745758296
31 7 42137598789 1778308381
31 6 42254382150 701878958
31 5 42352821897 1028283560
31 4 42739595632 1530581667
31 3 42897706836 26847588
31 2 43616429208 1286673909
31 1 43857926822 977555058
31 0 43901697682 1784492180
32 255 71683434254 1736135366
32 254 71692614910 4013114140
32 253 71720878212 2225288307
32 252 71762844407 311017682
32 251 71830070748 326808892
32 250 71832616591 3225509989
32 249 71839704332 1149604301
32 248 71861814704 2401927635
32 247 71863508572 3891776046
32 246 71873152137 1514355453
32 245 71877181127 3912726812
32 244 71880014101 1479013240
32 243 71888253369 102544217
32 242 71892305405 1629093074
32 241 71894591197 1143965669
32 240 71908354512 2361031729
32 239 71910918775 3371626317
32 238 71920964702 658348903
32 237 71934567455 2184364787
32 236 71966704694 1262331394
32 235 71993428180 1697683159
32 234 72008717213 2489526566
32 233 72020862426 617551335
32 232 72024649203 998426337
32 231 72048770190 4003947795
32 230 72066636545 2977889480
32 229 72071138162 3465538230
32 228 72074742853 90849400
32 227 72090590104 1644363942
32 226 72096826072 424704652
32 225 72116267615 2375291297
32 224 72119366651 820179308
32 223 72128640512 1703146210
32 222 72178636278 2524365799
32 221 72203350360 992976969
32 220 72211809442 3220857632
32 219 72213999889 2773304602
32 218 72266465896 3834116817
32 217 72279178762 2446422351
32 216 72287594648 3494051001
32 215 72323181753 2514322028
32 214 72365947955 2981698627
32 213 72380422384 1808353596
32 212 72391962684 2450772238
32 211 72396739981 3652503594
32 210 72431395748 847946596
32 209 72440052355 3310448027
32 208 72481394425 79459022
32 207 72482140496 1594415439
32 206 72490113092 3832365892
32 205 72527646370 2637252333
32 204 72537711112 1546034164
32 203 72551227975 2145626805
32 202 72571922696 2646161437
32 201 72572645085 185861203
32 200 72573575906 479208105
32 199 72580128548 96362538
32 198 72582792750 2823304831
32 197 72596257067 2804692525
32 196 72601939185 2555336559
32 195 72689563660 3564673347
32 194 72738962571 3610234453
32 193 72745035212 2385438216
32 192 72783273793 1027839588
32 191 72796110252 3736016174
32 190 72812641314 91001739
32 189 72817183905 10028757
32 188 72844121876 1745515965
32 187 72891507795 2578376972
32 186 72909564178 3719781251
32 185 72959747913 4122042769
32 184 72994636746 3282140998
32 183 72997359927 206853120
32 182 73013636359 1091300455
32 181 73014274331 2603400192
32 180 73027384696 2948675628
32 179 73040651271 3129592457
32 178 73048244756 342757551
32 177 73079457897 4117029690
32 176 73120992245 1271358987
32 175 73125082738 2276722615
32 174 73181840736 2836930144
32 173 73185369622 124434651
32 172 73202821916 1809283062
32 171 73222232983 966378009
32 170 73247239803 927869664
32 169 73302863508 806415429
32 168 73322286301 3798939648
32 167 73337264332 2682333280
32 166 73371741207 3724792937
32 165 73394067731 195838107
32 164 73411580165 1487033318
32 163 73470899745 1506326958
32 162 73494528607 288528317
32 161 73503920213 18430792
32 160 73510848229 3676006571
32 159 73523055738 1544096722
32 158 73580031694 546545170
32 157 73632191072 2681029176
32 156 73635703358 242365822
32 155 73641375483 969157483
32 154 73652055579 1066953728
32 153 73662446027 758853158
32 152 73672689094 2209023580
32 151 73676895970 2503157299
32 150 73688045314 1746986446
32 149 73798858988 3731205950
32 148 73813683972 2893173080
32 147 73834620487 2177828968
32 146 73836928118 3217067334
32 145 73895556673 2109585490
32 144 73972512926 4253867426
32 143 73976117874 1004436636
32 142 74003761497 1810649893
32 141 74009726636 2404513316
32 140 74074486775 2556798997
32 139 74080104639 1965062476
32 138 74146656254 4224512366
32 137 74148063996 3422611593
32 136 74195722958 744164616
32 135 74226598838 2992649538
32 134 74247313227 3880507326
32 133 74257999420 2890990558
32 132 74296269645 2479798660
32 131 74320890493 2781575498
32 130 74341766209 3833876517
32 129 74349953091 779887685
32 128 74363438437 1932882888
32 127 74394068058 2224475014
32 126 74408201286 412821036
32 125 74466105566 3295705775
32 124 74561150141 1851751617
32 123 74574291917 136755164
32 122 74577554802 2840444663
32 121 74612543720 4142369608
32 120 74663304034 1206266159
32 119 74678097387 4194471181
32 118 74752603096 2181204683
32 117 74756925875 1371215767
32 116 74798481144 1201983728
32 115 75112054634 4165101588
32 114 75176338793 2584820199
32 113 75181590090 261387036
32 112 75202637389 91794810
32 111 75231965149 2693003729
32 110 75246406337 1138300131
32 109 75282582703 4014812821
32 108 75284728368 1715657431
32 107 75285802140 2439851787
32 106 75285966376 1675165500
32 105 75310379782 3976062749
32 104 75356415078 1433830116
32 103 75386411705 779643578
32 102 75434967955 2853806832
32 101 75461958333 2670175002
32 100 75530428237 2773996243
32 99 75567050536 1023597640
32 98 75652309343 3554125929
32 97 75719193735 2130614213
32 96 75725532754 3080978176
32 95 75843778276 1217382993
32 94 75992710928 688629606
32 93 76129928458 121033490
32 92 76159507806 4213512700
32 91 76210787318 3429760333
32 90 76320400617 2744987932
32 89 76342713383 112972140
32 88 76387058870 56712077
32 87 76441099896 3171653660
32 86 76521798749 218707678
32 85 76522382823 252453635
32 84 76610744476 1299758575
32 83 76871067751 2487724973
32 82 76892293208 1669043650
32 81 76915023215 2159642940
32 80 76988851608 1795967672
32 79 77042811199 441416905
32 78 77053835410 2814265876
32 77 77116698729 1953919542
32 76 77120950081 1590991084
32 75 77160436290 1795558614
32 74 77270058302 3747246181
32 73 77282748239 929183012
32 72 77350924171 3317401708
32 71 77367265704 1687186583
32 70 77414076585 735055403
32 69 77537057486 1429439524
32 68 77566980150 735295197
32 67 77580985773 3577566737
32 66 77656223334 2316523963
32 65 77705391370 4071529918
32 64 77748914954 3757370813
32 63 77824042908 1308235578
32 62 77835606704 3128704919
32 61 77899916328 1919550977
32 60 77948749967 1637703787
32 59 77950594058 3690992253
32 58 77996381943 3175471559
32 57 78003020654 3946368052
32 56 78111073686 3157337149
32 55 78161213181 3741597061
32 54 78284080546 1006341066
32 53 78587361665 3673230201
32 52 78592170702 3721817507
32 51 78659360549 2439821486
32 50 78686896883 3222618794
32 49 78928283966 995696987
32 48 79010281581 3938286899
32 47 79105177151 2356564399
32 46 79174174219 2864951803
32 45 79190546784 1421211489
32 44 79479124402 2308986135
32 43 79490021765 3529816274
32 42 79501865958 1496994017
32 41 79575372232 1635427174
32 40 79629958221 3586388036
32 39 79667603678 1206114777
32 38 79689645312 1038375755
32 37 79724791534 3454649434
32 36 79755382874 961318199
32 35 79823626002 2804006862
32 34 79937028109 12921536
32 33 80021979635 4063155777
32 32 80202073956 4137400785
32 31 80218438574 774243227
32 30 80446808733 71843177
32 29 80722203550 370900615
32 28 80917351358 2623924397
32 27 81344863168 1925228774
32 26 81449657440 3990114254
32 25 81632884861 1997001312
32 24 81675484132 800905938
32 23 81692168194 578259644
32 22 81789199340 1985349420
32 21 82121560201 4017221934
32 20 82139315015 415201262
32 19 82503581568 4009101161
32 18 82534219160 3629202433
32 17 82735938818 4008958266
32 16 82780424968 2024100557
32 15 83192909498 2187666532
32 14 83872798896 1116999390
32 13 84094742700 99348365
32 12 84131655188 564328458
32 11 84414340910 4288273707
32 10 84635857439 1684635960
32 9 85400131959 1594225485
32 8 85816985328 287982549
32 7 86034644598 484533619
32 6 86280436068 678714534
32 5 86594340190 668334440
32 4 88869447593 317150881
32 3 89408048193 896955687
32 2 90789061486 4036700820
32 1 92879205981 4243943459
32 0 99494377311 2930773200
33 255 149544959974 1104427462
33 254 149553619041 5120676119
33 253 149590911795 6081073635
33 252 149647292032 4406440277
33 251 149743371870 2856767382
33 250 149765193238 2992348303
33 249 149801613038 7371771453
33 248 149874344926 7852819152
33 247 149888779577 7731862981
33 246 149898111261 4021177916
33 245 149912077889 1227897775
33 244 149933444677 4360476257
33 243 149935572327 4883599760
33 242 149950961617 8567248982
33 241 149962841877 5390734014
33 240 150023949280 5259074340
33 239 150026271176 1770550063
33 238 150060863162 133144500
33 237 150076005908 868602756
33 236 150111660809 2807752422
33 235 150121135488 427899671
33 234 150180725843 5078001132
33 233 150188960985 8082446974
33 232 150296190428 7754963107
33 231 150300291047 6111247192
33 230 150424506115 5366227943
33 229 150485121486 6981911343
33 228 150511919260 626623175
33 227 150540384239 3416280268
33 226 150698273784 2510866822
33 225 150709209776 21996966
33 224 150714449806 6856716500
33 223 150746854295 6682446066
33 222 150792503968 6170257858
33 221 150825667975 5169357901
33 220 150881600447 5383548946
33 219 150904265405 3239475658
33 218 150976304554 7350211349
33 217 151008284428 2016018768
33 216 151015467731 6266297707
33 215 151017415946 942723227
33 214 151022088657 8370139714
33 213 151023308955 1660897730
33 212 151048613433 5148030667
33 211 151074419774 8345320971
33 210 151121361967 4810646772
33 209 151193781889 2215828441
33 208 151242431556 7194013746
33 207 151284914561 1079426617
33 206 151291842361 1828288064
33 205 151337840027 5176019742
33 204 151344335433 4079024588
33 203 151372453303 6592722769
33 202 151428450896 7448640904
33 201 151438949881 1613690776
33 200 151522138683 1596458867
33 199 151550177709 1262674213
33 198 151644291347 7681800813
33 197 151661966999 387210223
33 196 151667483852 2810687038
33 195 151669795196 1600479874
33 194 151709821359 3851113821
33 193 151729846751 4600230819
33 192 151759181498 7017813997
33 191 151801543949 727704111
33 190 151858613789 3114860283
33 189 151877224181 6473520233
33 188 151962211147 685305522
33 187 151978563772 7600123322
33 186 152041973913 3190396371
33 185 152060955936 2433640759
33 184 152061146132 4628567005
33 183 152080729243 7136672701
33 182 152086256895 5570752616
33 181 152128317346 1894666242
33 180 152139801427 6194061304
33 179 152155567204 2514026265
33 178 152163436305 6184771023
33 177 152228320819 5870429376
33 176 152235801315 2899651164
33 175 152251804152 884914015
33 174 152257965531 2864665905
33 173 152303956004 4069450575
33 172 152385450917 4754867441
33 171 152389558662 5383763659
33 170 152440836628 803797269
33 169 152603689631 4336512193
33 168 152626372064 4184991760
33 167 152741987752 2207131074
33 166 152836444107 7947355440
33 165 152910307529 4563580903
33 164 152926533919 2194837597
33 163 153022309454 5334928906
33 162 153052898143 3267811135
33 161 153088380301 3827585379
33 160 153094941195 5428604310
33 159 153112060314 1470525668
33 158 153127618105 5433177693
33 157 153188881533 6761517050
33 156 153197129069 2569451607
33 155 153329373953 6639256373
33 154 153330702717 5174864437
33 153 153333054467 6818408767
33 152 153346636035 5764927851
33 151 153409596868 7651259067
33 150 153442362927 3681806070
33 149 153540436762 2151685843
33 148 153758868972 5301273181
33 147 153937973744 8167880245
33 146 153939857864 435680384
33 145 153946154806 944854741
33 144 153997464492 4733512058
33 143 154033754800 4576099988
33 142 154062213306 918678593
33 141 154120480066 1514138160
33 140 154120877986 5073565899
33 139 154192904859 1519433677
33 138 154259123767 8542741794
33 137 154273919831 3165231085
33 136 154278352804 8275158127
33 135 154425424346 2788953996
33 134 154446366307 7775152843
33 133 154521350016 7404801411
33 132 154612312731 5032641333
33 131 154777845348 7932313058
33 130 154828546095 8100998420
33 129 154834586468 1906711011
33 128 154844879232 6361899601
33 127 154851709364 325071059
33 126 155051495103 7504174165
33 125 155153541966 1200372151
33 124 155161584652 7294603998
33 123 155255121983 1356988444
33 122 155385786697 2051303214
33 121 155445240308 6259492768
33 120 155489109861 2269331500
33 119 155503920889 7943281528
33 118 155511767358 8030826791
33 117 155572840596 7104999353
33 116 155796750407 2085740500
33 115 155845327698 8173593939
33 114 155908598174 6817598949
33 113 155961650830 5757769935
33 112 156189568506 5435245804
33 111 156301149996 4422640106
33 110 156310065054 3791228737
33 109 156322826068 6867783907
33 108 156433170203 6045860412
33 107 156544749770 6539707104
33 106 156566828186 5982063083
33 105 156704509393 1825366623
33 104 156870536691 6641113945
33 103 156933506225 1596415773
33 102 156954313059 5190866151
33 101 156980058566 1698928487
33 100 156982062744 1211817831
33 99 157497871931 7834618711
33 98 157538385128 4961647617
33 97 157588473337 2167140939
33 96 157636573506 695818559
33 95 157714569086 2599739508
33 94 157737983273 8390330990
33 93 157750070720 7763659515
33 92 157784127703 5618968878
33 91 157828551881 2280624152
33 90 157861182426 8111693414
33 89 157917217199 5389764544
33 88 158088988145 6253835433
33 87 158174046288 1367096567
33 86 158533142188 4304928234
33 85 158560741046 5647283323
33 84 159037600948 4089207302
33 83 159564653735 975514567
33 82 159712322728 5233189599
33 81 159758792516 1790669004
33 80 159824632973 7714184762
33 79 159851277403 4802367423
33 78 159940234594 1445973995
33 77 160275608577 7545741001
33 76 160293014283 3855383504
33 75 160477580884 6086737602
33 74 160551563700 7620792093
33 73 160773001060 2522656827
33 72 160889807085 7721738522
33 71 161105486117 2362073087
33 70 161363640895 4116704089
33 69 161395063571 4773006690
33 68 161395971802 4626075423
33 67 161403778790 3684160544
33 66 161433464536 5569648444
33 65 161541422809 6634072459
33 64 161628723453 4252511846
33 63 161741364053 667811661
33 62 161750161686 2765892585
33 61 161852361789 3581616218
33 60 161884245289 1876585378
33 59 162198594290 5680542437
33 58 162221216727 7527708999
33 57 162236016762 7262414477
33 56 162277955546 2040447860
33 55 162294666047 5210162638
33 54 162603229154 4301774345
33 53 163194772883 661137345
33 52 163324081546 7352503697
33 51 163384983469 1982631714
33 50 163653534192 6002826319
33 49 164391450554 4896547200
33 48 164661685027 3444089129
33 47 164664651187 1496970135
33 46 164823122724 1014048730
33 45 165016101053 4541529644
33 44 165088429882 2358975490
33 43 165120447118 3906590906
33 42 165221858509 3860351102
33 41 165632319387 1616731346
33 40 165683109831 2681367557
33 39 165806094829 6986515781
33 38 166125825874 2375354849
33 37 166169321120 8271246000
33 36 166355457255 4690859715
33 35 166468642066 3608068945
33 34 166489506881 6004855443
33 33 166838536294 6632375798
33 32 167682004040 8189356007
33 31 167683123197 6419065211
33 30 167686040211 7235199428
33 29 167760888765 5943227206
33 28 167919770780 5288966150
33 27 168742466548 7487676033
33 26 168968943026 796368801
33 25 169583256003 1791185469
33 24 169785204657 5343516785
33 23 171024778280 1079467118
33 22 171365096259 6717366511
33 21 171477119131 2014492222
33 20 171997657882 2950391933
33 19 172109115442 145989473
33 18 172207288299 6432751539
33 17 172682079022 5197743943
33 16 173681554213 831441273
33 15 174617317539 2014505327
33 14 174654983814 302869902
33 13 174845786676 3867397514
33 12 175566877011 3150222629
33 11 175737192049 1470891702
33 10 176206810630 2675544474
33 9 176325460570 6277383112
33 8 176400232882 2933245041
33 7 177525679938 2304221332
33 6 178168340343 5812483185
33 5 178563291514 1690714499
33 4 178808897159 7641760959
33 3 180066517772 8421635405
33 2 183057729688 4514512299
33 1 186507096922 3776493116
33 0 196202853829 3712643644
