# 0,1,2,3  L=50 exact=1
1,0,2,0,3,2,0,1,3,2,3,0,2,0,1,0,2,0,3,2,0,1,3,2,0,3,2,3,1,3,2,3,0,2,0,1,0,2,0,3,2,0,1,3,2,3,0,2,0,1
# 0,1,2,4  L=62 exact=1
0,2,0,1,2,4,0,4,1,4,2,0,1,2,4,2,1,0,1,4,1,0,2,0,1,0,2,4,2,1,0,2,4,1,4,2,4,0,4,2,4,1,2,0,2,4,1,2,1,0,2,1,2,4,0,2,4,1,4,2,0,4
# 0,1,3,4  L=55 exact=1
1,0,1,4,0,3,0,1,4,1,0,1,4,3,4,1,4,0,1,0,3,0,1,0,4,1,0,3,4,1,0,4,1,4,3,4,1,4,0,1,0,3,0,1,4,1,0,1,4,3,4,0,1,4,1
# 0,1,5,6  L=60 exact=1
0,6,5,0,1,6,1,5,6,5,0,5,6,1,6,5,6,1,0,1,5,0,5,6,5,0,1,0,5,0,1,6,1,0,1,6,5,6,1,6,0,1,0,5,6,5,0,5,6,1,6,5,6,0,5,0,1,6,5,1
# 0,3,4,7  L=58 exact=1
0,3,0,4,0,7,4,0,3,7,4,0,7,4,7,3,7,4,7,0,4,0,3,0,4,0,7,4,0,3,7,4,3,7,3,0,3,7,3,4,7,4,0,4,7,4,3,7,4,0,3,7,4,3,7,3,0,3
