1 1
2 3
3 17
4 144
5 1623
6 22804
7 383415
8 7501422
9 167341283
10 4191140394
11 116425416531
12 3552072881320
13 118062692701857
14 4246035080453616
15 164276809321985777
16 6803298680342942844
17 300276847507205476425
18 14070847705384423149172
19 697655853963892025581977
20 36489667920698893157206176
21 2007824058674955361592413271
22 115942455951667434356882792400
23 7010566777685645332008807540567
24 442971510381523622995720192210984
25 29194657115382695542147895939567643
26 2003522874007314220867169633615589624
27 142943644077877814013918345416934156875
28 10587236415158352999928496629312880642592
29 812944568690752289565817526950616939217633
30 64632969379585140308730092752782608785809664
31 5314387595774759665597330463416853691684181521
32 451421841245367158386561651511516771917939530000
33 39572771066634778086105436996728507370778571074897
34 3576650629696237952468136385072024271869904627620656
35 332988471938300747983544843554771620201720146257224417
36 31906829649676187429674660298481581746711952440757138944
37 3144052775394615648556900651055916587504020276822063284375
38 318358717684672431756246768979330551566511867618804143495232
39 33101753709046316416602394064495706174427092575114282189976887
40 3531794198860499052790447478884193009553102161165768554708295136
