18 24  0 8 2 0 16 1 1 9 1 1 10 2 2 9 1 2 14 1 2 15 1 3 10 1 3 15 1 3 17 1 4 11 1 4 14 1 4 16 1 5 11 1 5 15 1 5 17 1 6 12 1 6 13 1 6 14 1 7 12 2 7 13 1 8 16 1 9 17 1 11 13 1
18 26  0 7 1 0 12 1 0 15 1 1 8 2 1 16 1 2 9 1 2 10 1 2 12 1 3 9 1 3 12 1 3 13 1 4 10 1 4 13 1 4 14 1 5 11 1 5 14 1 5 17 1 6 11 1 6 15 1 6 16 1 7 14 1 7 15 1 8 16 1 9 13 1 10 17 1 11 17 1
18 24  0 7 1 0 13 1 0 15 1 1 8 1 1 13 1 1 14 1 2 9 2 2 16 1 3 10 1 3 11 1 3 17 1 4 10 1 4 12 2 5 11 2 5 12 1 6 13 1 6 14 1 6 17 1 7 14 1 7 15 1 8 15 1 8 16 1 9 16 1 10 17 1
18 24  0 6 1 0 11 1 0 17 1 1 7 2 1 12 1 2 8 1 2 13 1 2 14 1 3 9 1 3 13 1 3 14 1 4 10 2 4 16 1 5 12 1 5 13 1 5 15 1 6 11 2 7 14 1 8 15 1 8 16 1 9 15 1 9 17 1 10 16 1 12 17 1
18 24  0 7 1 0 12 1 0 13 1 1 8 1 1 12 1 1 13 1 2 9 2 2 13 1 3 10 2 3 16 1 4 11 1 4 14 1 4 17 1 5 11 2 5 15 1 6 14 1 6 15 1 6 17 1 7 12 1 7 17 1 8 14 1 8 15 1 9 16 1 10 16 1
18 24  0 7 1 0 13 1 0 14 1 1 8 2 1 15 1 2 9 2 2 16 1 3 10 1 3 11 1 3 13 1 4 10 1 4 12 2 5 11 1 5 14 1 5 15 1 6 12 1 6 16 1 6 17 1 7 14 1 7 17 1 8 15 1 9 16 1 10 17 1 11 13 1
18 24  0 8 1 0 12 1 0 13 1 1 9 2 1 16 1 2 10 1 2 12 1 2 17 1 3 10 2 3 13 1 4 11 2 4 14 1 5 11 1 5 15 1 5 17 1 6 12 1 6 13 1 6 14 1 7 14 1 7 15 1 7 17 1 8 15 1 8 16 1 9 16 1
18 26  0 8 2 0 16 1 1 9 1 1 12 1 1 13 1 2 9 1 2 13 1 2 14 1 3 10 1 3 11 1 3 12 1 4 10 1 4 13 1 4 16 1 5 11 1 5 15 1 5 17 1 6 12 1 6 14 1 6 15 1 7 14 1 7 15 1 7 17 1 8 16 1 9 11 1 10 17 1
18 24  0 7 1 0 10 1 0 13 1 1 8 1 1 13 1 1 15 1 2 9 2 2 16 1 3 10 1 3 11 1 3 16 1 4 11 2 4 15 1 5 12 2 5 14 1 6 12 1 6 15 1 6 17 1 7 13 1 7 14 1 8 14 1 8 17 1 9 16 1 10 17 1
18 25  0 8 1 0 10 2 1 9 2 1 16 1 2 10 1 2 14 1 2 17 1 3 11 1 3 12 1 3 13 1 4 11 1 4 13 1 4 14 1 5 11 1 5 13 1 5 17 1 6 12 1 6 14 1 6 15 1 7 12 1 7 15 1 7 16 1 8 15 1 8 17 1 9 16 1
18 25  0 7 1 0 10 1 0 17 1 1 8 1 1 12 1 1 14 1 2 9 2 2 16 1 3 10 2 3 13 1 4 11 1 4 12 1 4 13 1 5 11 1 5 13 1 5 14 1 6 12 1 6 15 1 6 17 1 7 14 1 7 16 1 8 15 1 8 17 1 9 16 1 11 15 1
18 22  0 7 1 0 12 2 1 8 2 1 13 1 2 9 2 2 13 1 3 10 2 3 14 1 4 11 2 4 16 1 5 12 1 5 15 1 5 17 1 6 13 1 6 14 1 6 17 1 7 15 1 7 17 1 8 14 1 9 15 1 10 16 1 11 16 1
18 25  0 7 1 0 10 1 0 17 1 1 8 1 1 12 1 1 13 1 2 9 2 2 16 1 3 11 1 3 13 1 3 14 1 4 11 1 4 14 1 4 15 1 5 12 1 5 16 1 5 17 1 6 13 1 6 15 1 6 17 1 7 10 2 8 12 1 8 14 1 9 16 1 11 15 1
18 22  0 8 2 0 10 1 1 9 2 1 14 1 2 10 1 2 11 2 3 11 1 3 14 1 3 15 1 4 12 1 4 15 1 4 17 1 5 12 2 5 15 1 6 13 1 6 16 1 6 17 1 7 13 2 7 16 1 8 16 1 9 14 1 10 17 1
18 24  0 7 1 0 10 1 0 17 1 1 8 1 1 11 2 2 9 1 2 13 1 2 15 1 3 11 1 3 13 1 3 14 1 4 12 1 4 16 1 4 17 1 5 12 2 5 16 1 6 13 1 6 14 1 6 17 1 7 10 2 8 15 1 8 16 1 9 14 1 9 15 1
18 25  0 7 1 0 10 1 0 17 1 1 8 1 1 13 1 1 17 1 2 9 2 2 16 1 3 10 2 3 12 1 4 11 1 4 12 1 4 13 1 5 11 1 5 12 1 5 13 1 6 14 1 6 15 1 6 17 1 7 15 1 7 16 1 8 14 1 8 15 1 9 16 1 11 14 1
18 26  0 7 1 0 11 1 0 12 1 1 8 1 1 13 1 1 14 1 2 9 2 2 16 1 3 10 1 3 14 1 3 17 1 4 10 1 4 15 1 4 17 1 5 11 1 5 12 1 5 13 1 6 11 1 6 12 1 6 15 1 7 13 1 7 17 1 8 14 1 8 15 1 9 16 1 10 16 1
18 25  0 7 2 0 11 1 1 8 2 1 16 1 2 9 1 2 10 1 2 13 1 3 9 1 3 12 1 3 14 1 4 10 1 4 14 1 4 17 1 5 11 1 5 13 1 5 17 1 6 12 1 6 14 1 6 15 1 7 15 1 8 16 1 9 13 1 10 16 1 11 17 1 12 15 1
18 24  0 8 2 0 10 1 1 9 2 1 16 1 2 10 1 2 12 1 2 13 1 3 11 1 3 13 1 3 14 1 4 11 2 4 16 1 5 12 1 5 14 1 5 15 1 6 12 1 6 14 1 6 17 1 7 13 1 7 15 1 7 17 1 8 15 1 9 16 1 10 17 1
18 23  0 8 2 0 10 1 1 9 2 1 14 1 2 10 1 2 15 1 2 17 1 3 11 1 3 13 1 3 16 1 4 11 2 4 13 1 5 12 2 5 15 1 6 12 1 6 16 1 6 17 1 7 13 1 7 14 1 7 15 1 8 16 1 9 14 1 10 17 1
18 24  0 6 1 0 11 1 0 13 1 1 7 2 1 12 1 2 8 1 2 13 1 2 15 1 3 9 2 3 15 1 4 10 1 4 16 1 4 17 1 5 12 2 5 14 1 6 11 1 6 13 1 7 14 1 8 16 1 8 17 1 9 15 1 10 16 1 10 17 1 11 14 1
18 26  0 7 1 0 13 1 0 15 1 1 8 1 1 15 1 1 16 1 2 9 2 2 16 1 3 10 1 3 11 1 3 17 1 4 10 1 4 12 1 4 13 1 5 11 1 5 12 1 5 14 1 6 12 1 6 13 1 6 14 1 7 14 1 7 17 1 8 15 1 8 17 1 9 16 1 10 11 1
18 25  0 8 1 0 13 1 0 14 1 1 9 2 1 16 1 2 10 2 2 14 1 3 10 1 3 15 1 3 17 1 4 11 1 4 12 1 4 13 1 5 11 1 5 12 1 5 15 1 6 11 1 6 13 1 6 17 1 7 12 1 7 14 1 7 17 1 8 15 1 8 16 1 9 16 1
18 24  0 8 2 0 15 1 1 9 2 1 16 1 2 10 1 2 13 1 2 17 1 3 10 1 3 14 1 3 17 1 4 11 1 4 12 1 4 17 1 5 11 2 5 12 1 6 13 1 6 14 1 6 15 1 7 13 1 7 14 1 7 16 1 8 15 1 9 16 1 10 12 1
18 24  0 7 1 0 10 1 0 13 1 1 8 1 1 11 2 2 9 2 2 16 1 3 10 1 3 13 1 3 14 1 4 11 1 4 14 1 4 17 1 5 12 2 5 13 1 6 12 1 6 16 1 6 17 1 7 14 1 7 15 1 8 15 1 8 17 1 9 16 1 10 15 1
18 24  0 7 1 0 9 1 0 17 1 1 8 1 1 10 2 2 10 1 2 11 1 2 14 1 3 11 1 3 12 1 3 15 1 4 12 1 4 14 1 4 16 1 5 13 1 5 15 1 5 17 1 6 13 2 6 16 1 7 9 2 8 16 1 8 17 1 11 14 1 12 15 1
18 25  0 8 1 0 10 2 1 9 2 1 16 1 2 10 1 2 11 1 2 12 1 3 11 1 3 12 1 3 13 1 4 11 1 4 12 1 4 14 1 5 13 1 5 15 1 5 17 1 6 13 1 6 15 1 6 17 1 7 14 1 7 15 1 7 16 1 8 14 1 8 17 1 9 16 1
18 24  0 7 1 0 13 1 0 14 1 1 8 1 1 13 1 1 15 1 2 9 2 2 16 1 3 10 1 3 11 1 3 17 1 4 10 1 4 11 2 5 12 1 5 14 1 5 15 1 6 12 2 6 15 1 7 13 1 7 16 1 8 14 1 8 17 1 9 16 1 10 17 1
18 26  0 7 1 0 11 1 0 12 1 1 8 1 1 13 1 1 15 1 2 9 2 2 16 1 3 10 1 3 15 1 3 17 1 4 10 1 4 15 1 4 17 1 5 11 1 5 13 1 5 14 1 6 12 1 6 13 1 6 14 1 7 11 1 7 12 1 8 14 1 8 17 1 9 16 1 10 16 1
18 23  0 8 2 0 10 1 1 9 2 1 14 1 2 10 1 2 13 1 2 17 1 3 11 1 3 13 1 3 14 1 4 11 2 4 15 1 5 12 1 5 16 1 5 17 1 6 12 2 6 16 1 7 13 1 7 15 1 7 16 1 8 15 1 9 14 1 10 17 1
18 26  0 6 1 0 11 1 0 12 1 1 7 1 1 11 1 1 12 1 2 8 1 2 13 1 2 14 1 3 9 1 3 15 1 3 16 1 4 10 2 4 16 1 5 14 1 5 15 1 5 17 1 6 11 1 6 13 1 7 12 1 7 13 1 8 14 1 8 17 1 9 15 1 9 17 1 10 16 1
18 24  0 8 2 0 15 1 1 9 1 1 10 1 1 17 1 2 9 1 2 10 2 3 11 1 3 13 1 3 14 1 4 11 1 4 13 1 4 14 1 5 12 1 5 16 1 5 17 1 6 12 2 6 16 1 7 13 1 7 14 1 7 15 1 8 15 1 9 17 1 11 16 1
18 25  0 7 1 0 11 1 0 16 1 1 8 2 1 16 1 2 9 1 2 10 1 2 13 1 3 9 1 3 13 1 3 14 1 4 10 1 4 13 1 4 15 1 5 11 1 5 12 2 6 12 1 6 14 1 6 17 1 7 15 1 7 17 1 8 16 1 9 14 1 10 15 1 11 17 1
18 22  0 7 1 0 11 1 0 17 1 1 8 2 1 12 1 2 9 2 2 14 1 3 10 2 3 16 1 4 11 1 4 13 2 5 12 2 5 15 1 6 13 1 6 14 1 6 15 1 7 14 1 7 17 1 8 16 1 9 15 1 10 16 1 11 17 1
18 25  0 7 1 0 12 1 0 14 1 1 8 1 1 12 1 1 13 1 2 9 2 2 16 1 3 10 1 3 11 2 4 10 1 4 14 1 4 16 1 5 11 1 5 15 1 5 17 1 6 12 1 6 13 1 6 15 1 7 13 1 7 14 1 8 15 1 8 17 1 9 16 1 10 17 1
18 23  0 7 2 0 11 1 1 8 2 1 12 1 2 9 2 2 14 1 3 10 2 3 15 1 4 11 1 4 13 1 4 14 1 5 12 1 5 13 1 5 17 1 6 13 1 6 16 1 6 17 1 7 16 1 8 15 1 9 14 1 10 16 1 11 17 1 12 15 1
18 24  0 6 1 0 11 1 0 13 1 1 7 1 1 12 2 2 8 1 2 13 1 2 15 1 3 9 2 3 14 1 4 10 2 4 16 1 5 12 1 5 15 1 5 17 1 6 11 1 6 13 1 7 16 1 7 17 1 8 14 1 8 17 1 9 15 1 10 16 1 11 14 1
18 24  0 7 1 0 12 2 1 8 1 1 13 1 1 17 1 2 9 2 2 16 1 3 10 2 3 11 1 4 10 1 4 13 1 4 14 1 5 11 1 5 13 1 5 15 1 6 12 1 6 14 1 6 16 1 7 15 1 7 17 1 8 14 1 8 15 1 9 16 1 11 17 1
18 23  0 7 2 0 13 1 1 8 2 1 13 1 2 9 2 2 15 1 3 10 2 3 16 1 4 11 1 4 12 1 4 15 1 5 11 1 5 13 1 5 14 1 6 12 1 6 14 1 6 17 1 7 14 1 8 15 1 9 16 1 10 16 1 11 17 1 12 17 1
18 24  0 7 1 0 11 2 1 8 1 1 12 1 1 13 1 2 9 2 2 14 1 3 10 2 3 16 1 4 11 1 4 13 1 4 17 1 5 12 1 5 13 1 5 14 1 6 12 1 6 14 1 6 17 1 7 15 1 7 17 1 8 15 1 8 16 1 9 15 1 10 16 1
18 23  0 7 1 0 11 2 1 8 2 1 12 1 2 9 1 2 13 1 2 14 1 3 10 2 3 16 1 4 11 1 4 13 1 4 17 1 5 12 2 5 14 1 6 13 1 6 15 1 6 17 1 7 15 1 7 17 1 8 14 1 9 15 1 9 16 1 10 16 1
18 24  0 7 1 0 10 2 1 8 1 1 13 1 1 14 1 2 9 2 2 16 1 3 10 1 3 11 1 3 16 1 4 11 1 4 13 1 4 15 1 5 12 1 5 15 1 5 17 1 6 12 2 6 15 1 7 14 1 7 17 1 8 13 1 8 14 1 9 16 1 11 17 1
18 23  0 7 1 0 11 2 1 8 1 1 13 1 1 15 1 2 9 2 2 14 1 3 10 2 3 15 1 4 11 1 4 13 1 4 14 1 5 12 1 5 14 1 5 17 1 6 12 2 6 16 1 7 16 1 7 17 1 8 13 1 8 17 1 9 16 1 10 15 1
18 24  0 7 1 0 10 2 1 8 2 1 14 1 2 9 2 2 16 1 3 10 1 3 11 1 3 15 1 4 11 1 4 13 1 4 14 1 5 12 1 5 13 1 5 17 1 6 12 1 6 14 1 6 16 1 7 15 1 7 17 1 8 15 1 9 16 1 11 17 1 12 13 1
18 25  0 7 1 0 10 1 0 12 1 1 8 1 1 15 1 1 16 1 2 9 2 2 16 1 3 10 1 3 13 1 3 14 1 4 11 2 4 12 1 5 11 1 5 14 1 5 17 1 6 13 1 6 14 1 6 15 1 7 13 1 7 17 1 8 15 1 8 17 1 9 16 1 10 12 1
18 23  0 7 1 0 10 1 0 14 1 1 8 1 1 11 1 1 17 1 2 9 2 2 16 1 3 12 1 3 14 1 3 17 1 4 12 2 4 16 1 5 13 1 5 15 1 5 17 1 6 13 2 6 15 1 7 10 1 7 14 1 8 11 2 9 16 1 10 15 1
18 22  0 7 2 0 11 1 1 8 1 1 12 2 2 9 2 2 14 1 3 10 2 3 16 1 4 11 1 4 13 1 4 17 1 5 12 1 5 14 1 5 15 1 6 13 2 6 14 1 7 15 1 8 16 1 8 17 1 9 15 1 10 16 1 11 17 1
18 26  0 7 1 0 10 1 0 16 1 1 8 1 1 11 1 1 12 1 2 9 2 2 16 1 3 10 1 3 13 1 3 14 1 4 11 1 4 13 1 4 15 1 5 12 1 5 14 1 5 17 1 6 13 1 6 14 1 6 15 1 7 15 1 7 17 1 8 11 1 8 12 1 9 16 1 10 17 1
18 24  0 7 2 0 12 1 1 8 1 1 13 1 1 14 1 2 9 2 2 16 1 3 10 1 3 11 1 3 13 1 4 10 1 4 14 1 4 17 1 5 11 2 5 15 1 6 12 1 6 15 1 6 16 1 7 15 1 8 14 1 8 17 1 9 16 1 10 13 1 12 17 1
18 25  0 7 1 0 10 1 0 12 1 1 8 1 1 11 2 2 9 2 2 16 1 3 10 1 3 12 1 3 13 1 4 11 1 4 15 1 4 17 1 5 13 1 5 14 1 5 15 1 6 13 1 6 14 1 6 17 1 7 14 1 7 15 1 8 16 1 8 17 1 9 16 1 10 12 1
18 25  0 6 1 0 10 1 0 13 1 1 7 1 1 11 1 1 14 1 2 8 1 2 12 1 2 17 1 3 9 2 3 16 1 4 12 2 4 14 1 5 13 1 5 15 1 5 17 1 6 10 1 6 13 1 7 11 1 7 14 1 8 15 1 8 16 1 9 16 1 10 15 1 11 17 1
18 24  0 7 2 0 11 1 1 8 1 1 13 1 1 17 1 2 9 2 2 14 1 3 10 2 3 16 1 4 11 1 4 12 1 4 13 1 5 12 1 5 13 1 5 14 1 6 12 1 6 15 1 6 16 1 7 15 1 8 14 1 8 17 1 9 15 1 10 16 1 11 17 1
18 24  0 7 1 0 10 1 0 13 1 1 8 1 1 11 2 2 9 2 2 16 1 3 10 1 3 13 1 3 15 1 4 11 1 4 15 1 4 17 1 5 12 2 5 13 1 6 12 1 6 14 1 6 16 1 7 14 1 7 17 1 8 15 1 8 17 1 9 16 1 10 14 1
18 24  0 7 1 0 13 1 0 14 1 1 8 2 1 14 1 2 9 2 2 15 1 3 10 2 3 16 1 4 11 1 4 12 1 4 13 1 5 11 1 5 12 1 5 17 1 6 12 1 6 14 1 6 15 1 7 13 1 7 17 1 8 15 1 9 16 1 10 16 1 11 17 1
18 24  0 8 2 0 15 1 1 9 2 1 16 1 2 10 1 2 12 1 2 13 1 3 10 1 3 13 1 3 14 1 4 11 2 4 14 1 5 11 1 5 16 1 5 17 1 6 12 1 6 13 1 6 14 1 7 12 1 7 15 1 7 17 1 8 15 1 9 16 1 10 17 1
18 25  0 8 1 0 10 2 1 9 2 1 16 1 2 10 1 2 14 1 2 17 1 3 11 1 3 12 1 3 13 1 4 11 1 4 13 1 4 17 1 5 11 1 5 14 1 5 15 1 6 12 1 6 13 1 6 14 1 7 12 1 7 15 1 7 16 1 8 15 1 8 17 1 9 16 1
18 24  0 7 2 0 10 1 1 8 2 1 14 1 2 9 2 2 16 1 3 10 1 3 11 1 3 13 1 4 11 1 4 13 1 4 14 1 5 12 1 5 13 1 5 16 1 6 12 1 6 14 1 6 17 1 7 15 1 8 15 1 9 16 1 10 17 1 11 17 1 12 15 1
18 23  0 7 1 0 11 2 1 8 1 1 13 1 1 14 1 2 9 2 2 13 1 3 10 2 3 16 1 4 11 1 4 14 1 4 17 1 5 12 1 5 14 1 5 17 1 6 12 2 6 15 1 7 15 1 7 17 1 8 13 1 8 15 1 9 16 1 10 16 1
18 21  0 8 2 0 13 1 1 9 2 1 16 1 2 10 1 2 11 1 2 17 1 3 10 1 3 12 2 4 11 2 4 12 1 5 13 2 5 14 1 6 14 2 6 15 1 7 15 1 7 16 1 7 17 1 8 15 1 9 16 1 10 17 1
18 23  0 7 1 0 10 1 0 16 1 1 8 1 1 11 1 1 17 1 2 9 2 2 15 1 3 11 2 3 14 1 4 12 1 4 13 1 4 17 1 5 12 1 5 14 1 5 15 1 6 13 2 6 16 1 7 10 2 8 16 1 8 17 1 9 15 1 12 14 1
18 24  0 7 1 0 10 1 0 13 1 1 8 1 1 13 1 1 17 1 2 9 2 2 16 1 3 10 1 3 11 2 4 11 1 4 13 1 4 14 1 5 12 1 5 15 1 5 17 1 6 12 2 6 15 1 7 14 1 7 16 1 8 14 1 8 15 1 9 16 1 10 17 1
18 24  0 8 2 0 16 1 1 9 1 1 10 1 1 17 1 2 9 1 2 15 1 2 16 1 3 10 2 3 15 1 4 11 1 4 13 1 4 14 1 5 11 1 5 14 1 5 15 1 6 12 1 6 13 1 6 17 1 7 12 2 7 14 1 8 16 1 9 17 1 11 13 1
18 23  0 8 2 0 12 1 1 9 2 1 15 1 2 10 2 2 11 1 3 10 1 3 13 1 3 14 1 4 11 2 4 16 1 5 12 1 5 13 1 5 15 1 6 13 1 6 16 1 6 17 1 7 14 1 7 16 1 7 17 1 8 14 1 9 15 1 12 17 1
18 26  0 7 1 0 11 1 0 12 1 1 8 1 1 12 1 1 13 1 2 9 2 2 16 1 3 10 1 3 14 1 3 17 1 4 10 1 4 15 1 4 17 1 5 11 1 5 14 1 5 15 1 6 13 1 6 15 1 6 17 1 7 11 1 7 12 1 8 13 1 8 14 1 9 16 1 10 16 1
18 26  0 8 2 0 16 1 1 9 1 1 11 1 1 12 1 2 9 1 2 12 1 2 14 1 3 10 1 3 14 1 3 17 1 4 10 1 4 15 1 4 17 1 5 11 1 5 13 1 5 14 1 6 11 1 6 15 1 6 17 1 7 12 1 7 13 1 7 15 1 8 16 1 9 13 1 10 16 1
18 26  0 6 1 0 10 1 0 12 1 1 7 1 1 12 1 1 13 1 2 8 1 2 13 1 2 17 1 3 9 2 3 16 1 4 11 1 4 14 1 4 15 1 5 11 1 5 14 1 5 17 1 6 10 1 6 13 1 7 12 1 7 15 1 8 15 1 8 16 1 9 16 1 10 17 1 11 14 1
18 25  0 7 1 0 10 1 0 12 1 1 8 1 1 12 1 1 13 1 2 9 2 2 16 1 3 10 1 3 11 1 3 17 1 4 11 2 4 13 1 5 12 1 5 14 1 5 15 1 6 14 1 6 15 1 6 17 1 7 13 1 7 14 1 8 15 1 8 16 1 9 16 1 10 17 1
18 26  0 6 1 0 10 1 0 12 1 1 7 1 1 11 1 1 17 1 2 8 1 2 12 1 2 13 1 3 9 2 3 16 1 4 11 1 4 14 1 4 17 1 5 13 1 5 14 1 5 15 1 6 10 1 6 12 1 7 15 1 7 17 1 8 13 1 8 15 1 9 16 1 10 14 1 11 16 1
18 22  0 8 2 0 11 1 1 9 2 1 14 1 2 10 2 2 16 1 3 11 2 3 15 1 4 12 1 4 13 1 4 17 1 5 12 2 5 15 1 6 13 1 6 14 1 6 17 1 7 13 1 7 14 1 7 17 1 8 16 1 9 15 1 10 16 1
18 24  0 7 1 0 10 1 0 13 1 1 8 1 1 11 2 2 9 2 2 16 1 3 10 1 3 13 1 3 14 1 4 11 1 4 15 1 4 16 1 5 12 1 5 14 1 5 17 1 6 12 2 6 15 1 7 13 1 7 17 1 8 15 1 8 17 1 9 16 1 10 14 1
18 25  0 7 1 0 12 1 0 14 1 1 8 1 1 13 1 1 17 1 2 9 2 2 16 1 3 10 1 3 12 1 3 13 1 4 10 1 4 12 1 4 13 1 5 11 1 5 15 1 5 17 1 6 11 2 6 15 1 7 14 1 7 17 1 8 14 1 8 15 1 9 16 1 10 16 1
18 26  0 6 1 0 11 1 0 12 1 1 7 1 1 11 1 1 13 1 2 8 1 2 12 1 2 14 1 3 9 1 3 14 1 3 17 1 4 10 2 4 16 1 5 11 1 5 12 1 5 17 1 6 14 1 6 15 1 7 13 1 7 17 1 8 13 1 8 15 1 9 15 1 9 16 1 10 16 1
18 23  0 8 2 0 16 1 1 9 1 1 10 1 1 17 1 2 9 1 2 11 2 3 10 2 3 12 1 4 11 1 4 15 1 4 17 1 5 12 2 5 16 1 6 13 1 6 14 1 6 15 1 7 13 1 7 14 1 7 15 1 8 16 1 9 17 1 13 14 1
18 25  0 7 1 0 10 2 1 8 1 1 12 1 1 13 1 2 9 2 2 16 1 3 10 1 3 13 1 3 17 1 4 11 1 4 14 1 4 15 1 5 11 1 5 15 1 5 16 1 6 12 1 6 15 1 6 17 1 7 14 1 7 17 1 8 13 1 8 14 1 9 16 1 11 12 1
18 22  0 8 1 0 9 1 0 15 1 1 10 1 1 11 1 1 17 1 2 10 1 2 11 2 3 12 2 3 13 1 4 12 1 4 16 1 4 17 1 5 13 2 5 16 1 6 14 1 6 15 1 6 16 1 7 14 2 7 15 1 8 9 2 10 17 1
18 25  0 7 1 0 11 1 0 12 1 1 8 1 1 12 1 1 13 1 2 9 2 2 15 1 3 10 2 3 16 1 4 11 1 4 12 1 4 14 1 5 11 1 5 14 1 5 17 1 6 13 1 6 14 1 6 17 1 7 13 1 7 15 1 8 15 1 8 17 1 9 16 1 10 16 1
18 25  0 8 2 0 16 1 1 9 1 1 12 1 1 13 1 2 9 1 2 15 1 2 17 1 3 10 1 3 12 1 3 17 1 4 10 1 4 14 1 4 15 1 5 11 1 5 13 1 5 17 1 6 11 2 6 14 1 7 12 1 7 13 1 7 15 1 8 16 1 9 16 1 10 14 1
18 25  0 7 1 0 10 1 0 17 1 1 8 1 1 11 1 1 12 1 2 9 2 2 16 1 3 11 1 3 13 1 3 14 1 4 12 1 4 15 1 4 17 1 5 13 1 5 14 1 5 15 1 6 13 1 6 14 1 6 15 1 7 10 2 8 16 1 8 17 1 9 16 1 11 12 1
18 23  0 8 1 0 10 1 0 17 1 1 9 2 1 14 1 2 10 2 2 13 1 3 11 1 3 13 1 3 14 1 4 11 2 4 15 1 5 12 2 5 15 1 6 12 1 6 16 1 6 17 1 7 13 1 7 15 1 7 16 1 8 16 1 8 17 1 9 14 1
18 26  0 7 1 0 14 1 0 15 1 1 8 1 1 15 1 1 16 1 2 9 2 2 16 1 3 10 1 3 12 1 3 13 1 4 10 1 4 12 1 4 14 1 5 11 1 5 12 1 5 13 1 6 11 1 6 13 1 6 17 1 7 14 1 7 17 1 8 15 1 8 17 1 9 16 1 10 11 1
18 25  0 7 1 0 10 1 0 12 1 1 8 1 1 11 2 2 9 2 2 16 1 3 10 1 3 12 1 3 13 1 4 11 1 4 14 1 4 17 1 5 13 1 5 14 1 5 15 1 6 13 1 6 15 1 6 16 1 7 14 1 7 17 1 8 15 1 8 17 1 9 16 1 10 12 1
18 23  0 8 2 0 10 1 1 9 2 1 16 1 2 10 1 2 11 1 2 17 1 3 11 2 3 14 1 4 12 2 4 13 1 5 12 1 5 16 1 5 17 1 6 13 1 6 14 1 6 15 1 7 13 1 7 14 1 7 15 1 8 15 1 9 16 1 10 17 1
18 26  0 7 1 0 9 1 0 12 1 1 8 2 1 16 1 2 10 1 2 11 1 2 16 1 3 10 1 3 12 1 3 13 1 4 11 1 4 15 1 4 17 1 5 13 1 5 14 1 5 15 1 6 13 1 6 14 1 6 15 1 7 9 1 7 12 1 8 16 1 9 14 1 10 17 1 11 17 1
18 25  0 8 1 0 13 1 0 14 1 1 9 2 1 16 1 2 10 2 2 15 1 3 10 1 3 16 1 3 17 1 4 11 1 4 12 1 4 13 1 5 11 1 5 12 1 5 13 1 6 11 1 6 14 1 6 15 1 7 12 1 7 14 1 7 17 1 8 15 1 8 17 1 9 16 1
18 26  0 8 2 0 16 1 1 9 1 1 11 1 1 12 1 2 9 1 2 13 1 2 14 1 3 10 1 3 11 1 3 17 1 4 10 1 4 12 1 4 13 1 5 12 1 5 14 1 5 15 1 6 13 1 6 15 1 6 17 1 7 14 1 7 15 1 7 17 1 8 16 1 9 11 1 10 16 1
18 24  0 8 2 0 16 1 1 9 1 1 10 1 1 15 1 2 9 1 2 13 1 2 14 1 3 10 2 3 15 1 4 11 1 4 12 2 5 11 1 5 13 1 5 17 1 6 12 1 6 14 1 6 17 1 7 14 1 7 15 1 7 16 1 8 16 1 9 13 1 11 17 1
18 23  0 8 1 0 14 1 0 15 1 1 9 2 1 15 1 2 10 2 2 11 1 3 10 1 3 13 1 3 14 1 4 11 2 4 16 1 5 12 2 5 13 1 6 12 1 6 14 1 6 17 1 7 13 1 7 16 1 7 17 1 8 16 1 8 17 1 9 15 1
18 25  0 8 2 0 16 1 1 9 1 1 10 1 1 17 1 2 9 1 2 12 1 2 13 1 3 10 1 3 14 1 3 17 1 4 11 1 4 12 1 4 17 1 5 11 2 5 15 1 6 13 1 6 14 1 6 15 1 7 13 1 7 15 1 7 16 1 8 16 1 9 12 1 10 14 1
18 25  0 7 1 0 10 1 0 17 1 1 8 1 1 12 1 1 13 1 2 9 2 2 16 1 3 10 2 3 14 1 4 11 1 4 13 1 4 14 1 5 11 1 5 14 1 5 15 1 6 13 1 6 15 1 6 17 1 7 15 1 7 17 1 8 12 1 8 16 1 9 16 1 11 12 1
18 23  0 8 2 0 14 1 1 9 2 1 15 1 2 10 1 2 13 1 2 14 1 3 10 2 3 13 1 4 11 2 4 13 1 5 11 1 5 14 1 5 17 1 6 12 1 6 15 1 6 16 1 7 12 1 7 16 1 7 17 1 8 16 1 9 15 1 12 17 1
18 24  0 7 1 0 10 1 0 13 1 1 8 1 1 13 1 1 14 1 2 9 2 2 16 1 3 11 1 3 14 1 3 17 1 4 11 2 4 14 1 5 12 1 5 15 1 5 17 1 6 12 2 6 15 1 7 10 1 7 13 1 8 15 1 8 16 1 9 16 1 10 17 1
18 23  0 7 1 0 11 1 0 17 1 1 8 1 1 13 1 1 14 1 2 9 2 2 13 1 3 10 2 3 15 1 4 11 2 4 16 1 5 12 1 5 14 1 5 17 1 6 12 2 6 15 1 7 16 1 7 17 1 8 13 1 8 14 1 9 16 1 10 15 1
18 24  0 7 1 0 10 1 0 17 1 1 8 1 1 11 2 2 9 1 2 14 1 2 16 1 3 11 1 3 13 1 3 14 1 4 12 2 4 13 1 5 12 1 5 15 1 5 17 1 6 13 1 6 14 1 6 15 1 7 10 2 8 16 1 8 17 1 9 15 1 9 16 1
18 25  0 7 1 0 12 1 0 13 1 1 8 1 1 14 1 1 17 1 2 9 2 2 16 1 3 10 1 3 14 1 3 15 1 4 10 1 4 15 1 4 17 1 5 11 2 5 12 1 6 11 1 6 13 1 6 17 1 7 13 1 7 14 1 8 15 1 8 16 1 9 16 1 10 12 1
18 23  0 7 1 0 13 1 0 14 1 1 8 1 1 13 1 1 17 1 2 9 2 2 14 1 3 10 2 3 15 1 4 11 2 4 12 1 5 11 1 5 13 1 5 14 1 6 12 2 6 16 1 7 15 1 7 17 1 8 16 1 8 17 1 9 16 1 10 15 1
18 23  0 8 2 0 14 1 1 9 2 1 15 1 2 10 1 2 11 1 2 17 1 3 10 1 3 13 1 3 14 1 4 11 2 4 13 1 5 12 1 5 15 1 5 17 1 6 12 2 6 16 1 7 15 1 7 16 1 7 17 1 8 14 1 9 16 1 10 13 1
18 25  0 6 1 0 11 1 0 17 1 1 7 1 1 12 1 1 13 1 2 8 1 2 13 1 2 14 1 3 9 1 3 14 1 3 17 1 4 10 2 4 16 1 5 12 1 5 13 1 5 15 1 6 11 2 7 12 1 7 14 1 8 15 1 8 16 1 9 15 1 9 17 1 10 16 1
18 25  0 7 1 0 12 1 0 13 1 1 8 1 1 15 1 1 16 1 2 9 2 2 16 1 3 10 2 3 11 1 4 10 1 4 12 1 4 13 1 5 11 1 5 13 1 5 14 1 6 12 1 6 14 1 6 15 1 7 14 1 7 17 1 8 15 1 8 17 1 9 16 1 11 17 1
18 23  0 8 2 0 16 1 1 9 1 1 10 1 1 17 1 2 9 1 2 10 2 3 11 1 3 12 2 4 11 2 4 14 1 5 12 1 5 15 1 5 17 1 6 13 1 6 14 1 6 15 1 7 13 1 7 15 1 7 16 1 8 16 1 9 17 1 13 14 1
18 26  0 7 1 0 14 1 0 15 1 1 8 1 1 14 1 1 17 1 2 9 2 2 16 1 3 10 1 3 11 1 3 12 1 4 10 1 4 11 1 4 12 1 5 11 1 5 13 1 5 14 1 6 12 1 6 13 1 6 17 1 7 15 1 7 17 1 8 15 1 8 16 1 9 16 1 10 13 1
18 24  0 7 1 0 10 1 0 13 1 1 8 1 1 13 1 1 15 1 2 9 2 2 16 1 3 10 1 3 11 1 3 17 1 4 11 2 4 15 1 5 12 1 5 13 1 5 17 1 6 12 2 6 14 1 7 15 1 7 16 1 8 14 1 8 17 1 9 16 1 10 14 1
18 26  0 6 1 0 11 1 0 12 1 1 7 1 1 11 1 1 17 1 2 8 1 2 12 1 2 13 1 3 9 1 3 12 1 3 16 1 4 10 2 4 16 1 5 11 1 5 13 1 5 14 1 6 14 1 6 15 1 7 13 1 7 15 1 8 14 1 8 17 1 9 15 1 9 17 1 10 16 1
18 24  0 7 1 0 10 1 0 17 1 1 8 1 1 13 1 1 15 1 2 9 2 2 16 1 3 10 2 3 11 1 4 11 1 4 13 1 4 14 1 5 12 1 5 13 1 5 17 1 6 12 2 6 14 1 7 15 1 7 16 1 8 14 1 8 15 1 9 16 1 11 17 1
18 24  0 7 1 0 10 1 0 13 1 1 8 1 1 14 1 1 15 1 2 9 2 2 16 1 3 11 1 3 12 2 4 11 2 4 15 1 5 12 1 5 16 1 5 17 1 6 13 1 6 15 1 6 17 1 7 10 1 7 13 1 8 14 1 8 17 1 9 16 1 10 14 1
18 26  0 7 1 0 14 1 0 16 1 1 8 2 1 16 1 2 9 1 2 10 1 2 15 1 3 9 1 3 12 1 3 14 1 4 10 1 4 13 1 4 14 1 5 11 1 5 12 1 5 13 1 6 11 1 6 12 1 6 13 1 7 15 1 7 17 1 8 16 1 9 15 1 10 17 1 11 17 1
18 25  0 7 1 0 11 1 0 14 1 1 8 2 1 16 1 2 9 1 2 10 1 2 13 1 3 9 1 3 12 2 4 10 1 4 14 1 4 15 1 5 11 1 5 13 1 5 16 1 6 12 1 6 15 1 6 17 1 7 14 1 7 17 1 8 16 1 9 13 1 10 17 1 11 15 1
18 22  0 8 2 0 16 1 1 9 2 1 10 1 2 9 1 2 11 2 3 10 1 3 12 1 3 17 1 4 11 1 4 13 1 4 15 1 5 12 2 5 14 1 6 13 1 6 16 1 6 17 1 7 14 2 7 15 1 8 16 1 10 17 1 13 15 1
18 22  0 7 1 0 10 1 0 15 1 1 8 1 1 11 1 1 17 1 2 9 2 2 12 1 3 12 1 3 13 2 4 13 1 4 15 1 4 16 1 5 14 2 5 15 1 6 14 1 6 16 1 6 17 1 7 10 2 8 11 2 9 16 1 12 17 1
18 23  0 8 2 0 14 1 1 9 2 1 16 1 2 10 1 2 14 1 2 17 1 3 10 1 3 16 1 3 17 1 4 11 1 4 13 1 4 17 1 5 11 2 5 13 1 6 12 1 6 14 1 6 15 1 7 12 2 7 15 1 8 15 1 9 16 1 10 13 1
18 24  0 7 1 0 12 1 0 15 1 1 8 2 1 14 1 2 9 2 2 16 1 3 10 1 3 11 1 3 16 1 4 10 1 4 11 2 5 12 1 5 13 1 5 14 1 6 13 1 6 15 1 6 17 1 7 13 1 7 14 1 8 15 1 9 16 1 10 17 1 12 17 1
18 23  0 8 2 0 14 1 1 9 2 1 16 1 2 10 1 2 15 1 2 17 1 3 10 1 3 15 1 3 17 1 4 11 1 4 13 1 4 14 1 5 11 2 5 13 1 6 12 1 6 14 1 6 17 1 7 12 2 7 15 1 8 16 1 9 16 1 10 13 1
18 26  0 6 1 0 10 1 0 12 1 1 7 1 1 13 1 1 17 1 2 8 1 2 14 1 2 15 1 3 9 2 3 16 1 4 11 1 4 12 1 4 17 1 5 11 1 5 13 1 5 14 1 6 10 1 6 12 1 7 15 1 7 16 1 8 14 1 8 15 1 9 16 1 10 17 1 11 13 1
18 24  0 7 1 0 10 1 0 13 1 1 8 2 1 11 1 2 9 2 2 16 1 3 10 1 3 13 1 3 15 1 4 11 1 4 14 1 4 16 1 5 12 2 5 13 1 6 12 1 6 15 1 6 17 1 7 14 1 7 17 1 8 15 1 9 16 1 10 14 1 11 17 1
18 26  0 7 1 0 11 1 0 13 1 1 8 1 1 13 1 1 17 1 2 9 2 2 16 1 3 10 1 3 11 1 3 12 1 4 10 1 4 14 1 4 17 1 5 11 1 5 12 1 5 14 1 6 13 1 6 14 1 6 15 1 7 12 1 7 17 1 8 15 1 8 16 1 9 16 1 10 15 1
18 25  0 6 1 0 10 1 0 13 1 1 7 1 1 13 1 1 15 1 2 8 1 2 14 1 2 16 1 3 9 2 3 16 1 4 11 1 4 12 1 4 17 1 5 11 1 5 12 2 6 10 1 6 13 1 7 14 1 7 15 1 8 15 1 8 17 1 9 16 1 10 14 1 11 17 1
18 25  0 7 1 0 11 1 0 12 1 1 8 1 1 13 1 1 14 1 2 9 2 2 15 1 3 10 2 3 16 1 4 11 1 4 12 1 4 13 1 5 12 1 5 13 1 5 14 1 6 14 1 6 15 1 6 17 1 7 11 1 7 17 1 8 15 1 8 17 1 9 16 1 10 16 1
18 25  0 7 1 0 10 1 0 16 1 1 8 1 1 12 1 1 13 1 2 9 2 2 16 1 3 10 1 3 12 1 3 13 1 4 11 1 4 13 1 4 17 1 5 11 2 5 14 1 6 12 1 6 14 1 6 15 1 7 15 1 7 17 1 8 14 1 8 15 1 9 16 1 10 17 1
18 26  0 7 1 0 9 1 0 12 1 1 8 2 1 16 1 2 10 1 2 12 1 2 15 1 3 10 1 3 13 1 3 17 1 4 11 1 4 14 1 4 17 1 5 11 1 5 15 1 5 17 1 6 13 1 6 14 1 6 15 1 7 9 1 7 12 1 8 16 1 9 13 1 10 14 1 11 16 1
18 25  0 8 2 0 16 1 1 9 1 1 12 1 1 13 1 2 9 1 2 14 1 2 15 1 3 10 2 3 12 1 4 10 1 4 13 1 4 17 1 5 11 1 5 13 1 5 14 1 6 11 1 6 15 1 6 16 1 7 14 1 7 15 1 7 17 1 8 16 1 9 12 1 11 17 1
18 22  0 8 1 0 9 1 0 15 1 1 10 1 1 11 2 2 10 2 2 12 1 3 11 1 3 13 2 4 12 1 4 15 1 4 16 1 5 13 1 5 16 1 5 17 1 6 14 2 6 15 1 7 14 1 7 16 1 7 17 1 8 9 2 12 17 1
18 25  0 7 1 0 11 1 0 12 1 1 8 1 1 12 1 1 13 1 2 9 2 2 15 1 3 10 2 3 16 1 4 11 1 4 13 1 4 14 1 5 11 1 5 14 1 5 17 1 6 12 1 6 14 1 6 17 1 7 13 1 7 15 1 8 15 1 8 17 1 9 16 1 10 16 1
18 24  0 7 1 0 10 1 0 13 1 1 8 2 1 11 1 2 9 2 2 16 1 3 11 1 3 13 1 3 14 1 4 12 1 4 14 1 4 17 1 5 12 2 5 15 1 6 14 1 6 15 1 6 17 1 7 10 1 7 13 1 8 16 1 9 16 1 10 15 1 11 17 1
18 25  0 8 1 0 13 1 0 15 1 1 9 2 1 16 1 2 10 2 2 15 1 3 10 1 3 16 1 3 17 1 4 11 1 4 12 1 4 13 1 5 11 1 5 12 1 5 13 1 6 11 1 6 12 1 6 14 1 7 14 1 7 15 1 7 17 1 8 14 1 8 17 1 9 16 1
18 23  0 8 2 0 16 1 1 9 1 1 10 2 2 9 1 2 13 1 2 17 1 3 10 1 3 15 1 3 16 1 4 11 1 4 12 1 4 17 1 5 11 1 5 14 1 5 15 1 6 12 2 6 14 1 7 13 2 7 15 1 8 16 1 9 17 1 11 14 1
18 24  0 8 2 0 16 1 1 9 1 1 10 1 1 16 1 2 9 1 2 13 1 2 14 1 3 10 1 3 14 1 3 15 1 4 11 2 4 12 1 5 11 1 5 13 1 5 17 1 6 12 2 6 15 1 7 14 1 7 15 1 7 17 1 8 16 1 9 13 1 10 17 1
18 26  0 6 1 0 10 1 0 16 1 1 7 1 1 12 1 1 13 1 2 8 1 2 14 1 2 15 1 3 9 1 3 16 1 3 17 1 4 11 1 4 12 1 4 14 1 5 11 1 5 13 1 5 15 1 6 10 2 7 12 1 7 13 1 8 15 1 8 17 1 9 16 1 9 17 1 11 14 1
18 23  0 7 1 0 13 1 0 14 1 1 8 2 1 14 1 2 9 2 2 15 1 3 10 2 3 16 1 4 11 1 4 12 1 4 15 1 5 11 1 5 12 2 6 13 1 6 14 1 6 17 1 7 13 1 7 17 1 8 15 1 9 16 1 10 16 1 11 17 1
18 22  0 6 1 0 12 1 0 17 1 1 7 1 1 13 1 1 17 1 2 8 1 2 14 1 2 15 1 3 9 2 3 14 1 4 10 2 4 15 1 5 11 2 5 16 1 6 12 2 7 13 2 8 14 1 8 17 1 9 15 1 10 16 1 11 16 1
18 24  0 8 1 0 15 1 0 17 1 1 9 2 1 16 1 2 10 1 2 11 2 3 10 2 3 14 1 4 11 1 4 16 1 4 17 1 5 12 1 5 13 1 5 14 1 6 12 1 6 13 1 6 14 1 7 12 1 7 13 1 7 15 1 8 15 1 8 17 1 9 16 1
18 24  0 7 1 0 10 1 0 13 1 1 8 2 1 11 1 2 9 2 2 16 1 3 11 1 3 14 1 3 15 1 4 12 2 4 14 1 5 12 1 5 15 1 5 17 1 6 13 1 6 15 1 6 17 1 7 10 1 7 13 1 8 16 1 9 16 1 10 14 1 11 17 1
18 25  0 7 1 0 12 1 0 13 1 1 8 1 1 14 1 1 17 1 2 9 2 2 16 1 3 10 1 3 13 1 3 14 1 4 10 1 4 15 1 4 17 1 5 11 2 5 12 1 6 11 1 6 13 1 6 17 1 7 14 1 7 15 1 8 15 1 8 16 1 9 16 1 10 12 1
18 25  0 7 1 0 12 1 0 15 1 1 8 1 1 13 1 1 14 1 2 9 2 2 16 1 3 10 1 3 12 1 3 13 1 4 10 1 4 15 1 4 16 1 5 11 2 5 12 1 6 11 1 6 14 1 6 17 1 7 14 1 7 15 1 8 13 1 8 17 1 9 16 1 10 17 1
18 23  0 7 1 0 10 1 0 14 1 1 8 2 1 14 1 2 9 2 2 16 1 3 11 1 3 12 1 3 17 1 4 11 1 4 12 2 5 13 1 5 15 1 5 17 1 6 13 2 6 15 1 7 10 1 7 14 1 8 16 1 9 16 1 10 15 1 11 17 1
18 25  0 7 1 0 12 1 0 14 1 1 8 1 1 14 1 1 17 1 2 9 2 2 16 1 3 10 1 3 11 1 3 17 1 4 10 1 4 12 1 4 13 1 5 11 2 5 13 1 6 13 1 6 14 1 6 15 1 7 15 1 7 17 1 8 15 1 8 16 1 9 16 1 10 12 1
18 25  0 7 1 0 11 1 0 14 1 1 8 2 1 16 1 2 9 1 2 10 1 2 13 1 3 9 1 3 12 2 4 10 1 4 14 1 4 15 1 5 11 1 5 13 1 5 17 1 6 12 1 6 15 1 6 17 1 7 14 1 7 16 1 8 16 1 9 13 1 10 17 1 11 15 1
18 22  0 7 2 0 11 1 1 8 1 1 14 1 1 15 1 2 9 2 2 14 1 3 10 2 3 15 1 4 11 1 4 12 2 5 12 1 5 13 1 5 17 1 6 13 2 6 14 1 7 16 1 8 16 1 8 17 1 9 16 1 10 15 1 11 17 1
18 26  0 7 1 0 11 1 0 15 1 1 8 1 1 12 1 1 17 1 2 9 2 2 16 1 3 10 1 3 11 1 3 12 1 4 10 1 4 15 1 4 17 1 5 11 1 5 13 1 5 14 1 6 12 1 6 13 1 6 14 1 7 13 1 7 15 1 8 14 1 8 16 1 9 16 1 10 17 1
18 25  0 7 1 0 13 1 0 14 1 1 8 1 1 14 1 1 17 1 2 9 2 2 16 1 3 10 1 3 12 1 3 13 1 4 10 1 4 13 1 4 15 1 5 11 2 5 12 1 6 11 1 6 16 1 6 17 1 7 14 1 7 15 1 8 15 1 8 17 1 9 16 1 10 12 1
18 24  0 8 2 0 16 1 1 9 1 1 10 1 1 14 1 2 9 1 2 13 1 2 17 1 3 10 1 3 13 1 3 14 1 4 11 2 4 14 1 5 11 1 5 15 1 5 17 1 6 12 1 6 15 1 6 16 1 7 12 2 7 15 1 8 16 1 9 13 1 10 17 1
18 26  0 6 1 0 10 1 0 17 1 1 7 1 1 13 1 1 15 1 2 8 1 2 15 1 2 16 1 3 9 2 3 16 1 4 10 1 4 11 1 4 12 1 5 11 1 5 12 1 5 14 1 6 12 1 6 13 1 7 14 1 7 17 1 8 15 1 8 17 1 9 16 1 10 13 1 11 14 1
18 23  0 7 2 0 11 1 1 8 1 1 13 1 1 17 1 2 9 2 2 15 1 3 10 2 3 16 1 4 11 1 4 13 1 4 14 1 5 12 1 5 13 1 5 17 1 6 12 2 6 14 1 7 14 1 8 15 1 8 16 1 9 15 1 10 16 1 11 17 1
18 24  0 8 2 0 15 1 1 9 2 1 10 1 2 9 1 2 14 1 2 15 1 3 10 1 3 14 1 3 17 1 4 11 1 4 13 1 4 14 1 5 11 1 5 13 1 5 16 1 6 12 1 6 16 1 6 17 1 7 12 2 7 16 1 8 15 1 10 17 1 11 13 1
18 21  0 7 1 0 11 1 0 17 1 1 8 1 1 12 2 2 9 2 2 13 1 3 10 2 3 15 1 4 12 1 4 14 1 4 15 1 5 13 2 5 15 1 6 14 2 6 16 1 7 11 2 8 16 1 8 17 1 9 16 1 10 17 1
18 24  0 7 2 0 10 1 1 8 1 1 13 1 1 17 1 2 9 2 2 16 1 3 10 2 3 11 1 4 11 1 4 13 1 4 14 1 5 12 1 5 14 1 5 17 1 6 12 1 6 15 1 6 16 1 7 15 1 8 14 1 8 15 1 9 16 1 11 17 1 12 13 1
18 24  0 7 2 0 12 1 1 8 1 1 13 1 1 14 1 2 9 2 2 16 1 3 10 1 3 11 1 3 17 1 4 10 2 4 13 1 5 11 1 5 15 1 5 16 1 6 12 1 6 14 1 6 15 1 7 15 1 8 13 1 8 14 1 9 16 1 11 17 1 12 17 1
18 25  0 8 2 0 16 1 1 9 1 1 12 1 1 13 1 2 9 1 2 13 1 2 14 1 3 10 1 3 12 1 3 16 1 4 10 1 4 14 1 4 17 1 5 11 1 5 15 1 5 17 1 6 11 2 6 15 1 7 13 1 7 14 1 7 15 1 8 16 1 9 12 1 10 17 1
18 25  0 7 1 0 12 1 0 14 1 1 8 1 1 13 1 1 16 1 2 9 2 2 16 1 3 10 1 3 12 1 3 13 1 4 10 1 4 12 1 4 13 1 5 11 1 5 15 1 5 17 1 6 11 2 6 15 1 7 14 1 7 15 1 8 14 1 8 17 1 9 16 1 10 17 1
18 25  0 8 2 0 16 1 1 9 1 1 12 1 1 13 1 2 9 1 2 12 1 2 13 1 3 10 1 3 13 1 3 17 1 4 10 2 4 15 1 5 11 1 5 14 1 5 17 1 6 11 1 6 14 1 6 17 1 7 12 1 7 15 1 7 16 1 8 16 1 9 15 1 11 14 1
18 25  0 7 1 0 12 1 0 13 1 1 8 1 1 12 1 1 13 1 2 9 2 2 16 1 3 10 1 3 11 1 3 17 1 4 10 2 4 13 1 5 11 1 5 14 1 5 15 1 6 14 1 6 15 1 6 17 1 7 12 1 7 14 1 8 15 1 8 16 1 9 16 1 11 17 1
18 24  0 7 1 0 12 1 0 13 1 1 8 1 1 13 1 1 17 1 2 9 2 2 14 1 3 10 2 3 16 1 4 11 2 4 14 1 5 11 1 5 15 1 5 17 1 6 12 1 6 13 1 6 17 1 7 12 1 7 14 1 8 15 1 8 16 1 9 15 1 10 16 1
18 23  0 7 1 0 11 2 1 8 2 1 13 1 2 9 2 2 14 1 3 10 2 3 15 1 4 11 1 4 15 1 4 17 1 5 12 1 5 13 1 5 14 1 6 12 1 6 13 1 6 14 1 7 16 1 7 17 1 8 16 1 9 16 1 10 15 1 12 17 1
18 25  0 7 1 0 12 1 0 13 1 1 8 1 1 13 1 1 15 1 2 9 2 2 16 1 3 10 1 3 11 1 3 17 1 4 10 1 4 11 2 5 12 1 5 15 1 5 16 1 6 13 1 6 14 1 6 17 1 7 12 1 7 14 1 8 14 1 8 15 1 9 16 1 10 17 1
18 25  0 7 1 0 13 1 0 14 1 1 8 1 1 14 1 1 15 1 2 9 2 2 16 1 3 10 1 3 12 1 3 13 1 4 10 1 4 12 1 4 16 1 5 11 1 5 14 1 5 17 1 6 11 2 6 15 1 7 13 1 7 17 1 8 15 1 8 17 1 9 16 1 10 12 1
18 25  0 6 1 0 11 1 0 12 1 1 7 1 1 12 1 1 17 1 2 8 1 2 13 1 2 14 1 3 9 2 3 15 1 4 10 2 4 16 1 5 11 1 5 12 1 5 13 1 6 13 1 6 14 1 7 14 1 7 17 1 8 15 1 8 17 1 9 16 1 10 16 1 11 15 1
18 25  0 7 1 0 10 1 0 12 1 1 8 1 1 11 1 1 17 1 2 9 2 2 16 1 3 10 1 3 12 1 3 13 1 4 11 2 4 12 1 5 14 1 5 15 1 5 17 1 6 14 1 6 15 1 6 17 1 7 13 1 7 14 1 8 13 1 8 16 1 9 16 1 10 15 1
18 25  0 7 2 0 10 1 1 8 1 1 12 1 1 17 1 2 9 2 2 16 1 3 10 1 3 12 1 3 13 1 4 11 1 4 13 1 4 14 1 5 11 1 5 14 1 5 15 1 6 14 1 6 15 1 6 17 1 7 15 1 8 13 1 8 16 1 9 16 1 10 17 1 11 12 1
18 24  0 7 1 0 10 2 1 8 1 1 11 2 2 9 2 2 16 1 3 10 1 3 13 1 3 14 1 4 11 1 4 14 1 4 17 1 5 12 1 5 13 1 5 14 1 6 12 1 6 13 1 6 15 1 7 16 1 7 17 1 8 15 1 8 17 1 9 16 1 12 15 1
18 24  0 8 2 0 14 1 1 9 2 1 14 1 2 10 2 2 16 1 3 11 1 3 12 1 3 13 1 4 11 1 4 13 1 4 14 1 5 11 1 5 15 1 5 17 1 6 12 1 6 13 1 6 17 1 7 12 1 7 15 1 7 17 1 8 15 1 9 16 1 10 16 1
18 24  0 8 2 0 16 1 1 9 1 1 10 2 2 9 1 2 13 1 2 14 1 3 10 1 3 14 1 3 15 1 4 11 1 4 12 2 5 11 1 5 13 1 5 14 1 6 12 1 6 15 1 6 17 1 7 13 1 7 15 1 7 16 1 8 16 1 9 17 1 11 17 1
18 26  0 6 1 0 10 1 0 16 1 1 7 1 1 11 1 1 15 1 2 8 1 2 12 1 2 13 1 3 9 1 3 16 1 3 17 1 4 11 1 4 13 1 4 14 1 5 12 1 5 15 1 5 17 1 6 10 2 7 14 1 7 15 1 8 12 1 8 13 1 9 16 1 9 17 1 11 14 1
18 25  0 8 2 0 16 1 1 9 1 1 12 1 1 13 1 2 9 1 2 14 1 2 15 1 3 10 1 3 12 1 3 17 1 4 10 2 4 15 1 5 11 1 5 13 1 5 14 1 6 11 1 6 13 1 6 16 1 7 14 1 7 15 1 7 17 1 8 16 1 9 12 1 11 17 1
18 21  0 7 1 0 11 1 0 15 1 1 8 1 1 12 2 2 9 2 2 13 1 3 10 2 3 14 1 4 12 1 4 15 1 4 17 1 5 13 2 5 15 1 6 14 2 6 16 1 7 11 2 8 16 1 8 17 1 9 16 1 10 17 1
18 25  0 7 1 0 11 1 0 15 1 1 8 2 1 16 1 2 9 1 2 10 1 2 13 1 3 9 1 3 14 1 3 17 1 4 10 1 4 13 1 4 14 1 5 11 1 5 12 2 6 12 1 6 15 1 6 17 1 7 15 1 7 16 1 8 16 1 9 13 1 10 14 1 11 17 1
18 26  0 7 1 0 11 1 0 12 1 1 8 1 1 12 1 1 15 1 2 9 2 2 16 1 3 10 1 3 11 1 3 17 1 4 10 1 4 15 1 4 17 1 5 11 1 5 13 1 5 14 1 6 12 1 6 13 1 6 14 1 7 13 1 7 17 1 8 14 1 8 15 1 9 16 1 10 16 1
18 25  0 7 1 0 10 2 1 8 1 1 13 1 1 17 1 2 9 2 2 16 1 3 10 1 3 12 1 3 13 1 4 11 1 4 12 1 4 13 1 5 11 1 5 15 1 5 17 1 6 12 1 6 14 1 6 15 1 7 15 1 7 17 1 8 14 1 8 16 1 9 16 1 11 14 1
18 23  0 8 1 0 10 1 0 13 1 1 9 2 1 16 1 2 10 2 2 16 1 3 11 1 3 13 1 3 14 1 4 11 2 4 14 1 5 12 2 5 13 1 6 12 1 6 15 1 6 17 1 7 14 1 7 15 1 7 17 1 8 15 1 8 17 1 9 16 1
18 25  0 6 1 0 10 1 0 17 1 1 7 1 1 11 1 1 13 1 2 8 1 2 14 1 2 15 1 3 9 2 3 16 1 4 11 1 4 12 1 4 15 1 5 12 1 5 13 1 5 17 1 6 10 2 7 14 1 7 17 1 8 15 1 8 16 1 9 16 1 11 13 1 12 14 1
18 24  0 7 1 0 13 1 0 15 1 1 8 2 1 15 1 2 9 2 2 16 1 3 10 2 3 11 1 4 10 1 4 12 1 4 17 1 5 11 1 5 14 1 5 17 1 6 12 1 6 13 1 6 16 1 7 14 1 7 17 1 8 15 1 9 16 1 11 13 1 12 14 1
18 25  0 7 1 0 11 1 0 12 1 1 8 1 1 12 1 1 13 1 2 9 2 2 15 1 3 10 2 3 16 1 4 11 1 4 12 1 4 17 1 5 11 1 5 13 1 5 14 1 6 14 1 6 15 1 6 17 1 7 14 1 7 17 1 8 13 1 8 15 1 9 16 1 10 16 1
18 26  0 7 1 0 11 1 0 12 1 1 8 1 1 13 1 1 17 1 2 9 2 2 16 1 3 10 1 3 12 1 3 13 1 4 10 1 4 14 1 4 17 1 5 11 1 5 14 1 5 15 1 6 13 1 6 14 1 6 15 1 7 11 1 7 12 1 8 15 1 8 16 1 9 16 1 10 17 1
18 24  0 8 2 0 16 1 1 9 1 1 10 1 1 17 1 2 9 1 2 14 1 2 15 1 3 10 2 3 15 1 4 11 1 4 13 1 4 17 1 5 11 1 5 14 1 5 16 1 6 12 1 6 13 1 6 14 1 7 12 2 7 15 1 8 16 1 9 17 1 11 13 1
18 25  0 8 2 0 16 1 1 9 1 1 10 2 2 9 1 2 13 1 2 14 1 3 10 1 3 14 1 3 15 1 4 11 1 4 12 1 4 13 1 5 11 1 5 15 1 5 17 1 6 12 1 6 13 1 6 17 1 7 12 1 7 14 1 7 15 1 8 16 1 9 17 1 11 16 1
18 24  0 8 1 0 12 1 0 13 1 1 9 2 1 16 1 2 10 1 2 14 1 2 17 1 3 10 2 3 14 1 4 11 1 4 15 1 4 17 1 5 11 2 5 15 1 6 12 1 6 13 1 6 17 1 7 13 1 7 14 1 7 15 1 8 12 1 8 16 1 9 16 1
18 24  0 8 2 0 16 1 1 9 1 1 10 2 2 9 1 2 11 1 2 16 1 3 10 1 3 13 1 3 17 1 4 11 2 4 15 1 5 12 1 5 13 1 5 14 1 6 12 1 6 14 1 6 15 1 7 14 1 7 15 1 7 17 1 8 16 1 9 17 1 12 13 1
18 24  0 7 1 0 13 1 0 14 1 1 8 2 1 14 1 2 9 2 2 16 1 3 10 1 3 11 1 3 17 1 4 10 2 4 12 1 5 11 1 5 15 1 5 16 1 6 12 1 6 13 1 6 17 1 7 14 1 7 15 1 8 15 1 9 16 1 11 13 1 12 17 1
18 22  0 8 1 0 12 2 1 9 2 1 14 1 2 10 1 2 11 2 3 10 2 3 15 1 4 11 1 4 16 1 4 17 1 5 12 1 5 13 1 5 14 1 6 13 2 6 16 1 7 15 1 7 16 1 7 17 1 8 15 1 8 17 1 9 14 1
18 26  0 7 1 0 11 1 0 12 1 1 8 1 1 13 1 1 17 1 2 9 2 2 16 1 3 10 1 3 12 1 3 13 1 4 10 1 4 14 1 4 16 1 5 11 1 5 12 1 5 13 1 6 11 1 6 14 1 6 15 1 7 14 1 7 15 1 8 15 1 8 17 1 9 16 1 10 17 1
18 23  0 7 2 0 11 1 1 8 1 1 13 1 1 14 1 2 9 2 2 14 1 3 10 1 3 16 1 3 17 1 4 11 2 4 15 1 5 12 1 5 13 1 5 17 1 6 12 2 6 16 1 7 15 1 8 13 1 8 15 1 9 14 1 10 16 1 10 17 1
18 23  0 7 1 0 10 1 0 14 1 1 8 2 1 11 1 2 9 2 2 16 1 3 10 1 3 12 2 4 11 2 4 14 1 5 12 1 5 13 1 5 17 1 6 13 1 6 15 1 6 17 1 7 14 1 7 17 1 8 15 1 9 16 1 10 15 1 13 16 1
18 25  0 7 1 0 12 1 0 13 1 1 8 1 1 13 1 1 15 1 2 9 2 2 16 1 3 10 1 3 11 2 4 10 1 4 13 1 4 14 1 5 11 1 5 15 1 5 17 1 6 12 1 6 14 1 6 15 1 7 12 1 7 17 1 8 14 1 8 16 1 9 16 1 10 17 1
18 22  0 8 2 0 12 1 1 9 2 1 15 1 2 10 1 2 11 1 2 14 1 3 10 2 3 15 1 4 11 1 4 16 1 4 17 1 5 12 2 5 14 1 6 13 1 6 14 1 6 17 1 7 13 2 7 16 1 8 16 1 9 15 1 11 17 1
18 25  0 7 1 0 10 2 1 8 1 1 12 1 1 17 1 2 9 2 2 16 1 3 10 1 3 15 1 3 17 1 4 11 1 4 13 1 4 14 1 5 11 1 5 13 1 5 15 1 6 12 1 6 13 1 6 14 1 7 15 1 7 17 1 8 14 1 8 16 1 9 16 1 11 12 1
18 22  0 8 1 0 10 1 0 14 1 1 9 2 1 15 1 2 11 1 2 14 1 2 17 1 3 11 2 3 14 1 4 12 1 4 15 1 4 17 1 5 12 2 5 16 1 6 13 1 6 16 1 6 17 1 7 13 2 7 16 1 8 10 2 9 15 1
18 26  0 7 1 0 10 1 0 14 1 1 8 1 1 14 1 1 17 1 2 9 2 2 16 1 3 10 1 3 11 1 3 12 1 4 11 1 4 12 1 4 13 1 5 11 1 5 13 1 5 17 1 6 13 1 6 14 1 6 15 1 7 12 1 7 15 1 8 15 1 8 16 1 9 16 1 10 17 1
18 26  0 8 2 0 16 1 1 9 1 1 11 1 1 12 1 2 9 1 2 11 1 2 17 1 3 10 1 3 15 1 3 17 1 4 10 1 4 15 1 4 17 1 5 12 1 5 13 1 5 14 1 6 12 1 6 13 1 6 14 1 7 13 1 7 14 1 7 15 1 8 16 1 9 11 1 10 16 1
18 23  0 7 1 0 10 1 0 14 1 1 8 2 1 15 1 2 9 1 2 16 1 2 17 1 3 11 2 3 12 1 4 11 1 4 13 1 4 15 1 5 12 2 5 14 1 6 13 2 6 16 1 7 10 1 7 14 1 8 15 1 9 16 1 9 17 1 10 17 1
18 24  0 7 1 0 10 1 0 13 1 1 8 1 1 11 2 2 9 2 2 16 1 3 10 1 3 13 1 3 14 1 4 11 1 4 13 1 4 17 1 5 12 1 5 15 1 5 17 1 6 12 2 6 15 1 7 14 1 7 17 1 8 14 1 8 15 1 9 16 1 10 16 1
18 24  0 6 1 0 12 1 0 13 1 1 7 1 1 12 1 1 14 1 2 8 2 2 14 1 3 9 2 3 14 1 4 10 1 4 15 1 4 17 1 5 11 2 5 16 1 6 12 1 6 13 1 7 13 1 7 17 1 8 15 1 9 16 1 10 15 1 10 17 1 11 16 1
18 25  0 8 2 0 16 1 1 9 2 1 10 1 2 9 1 2 14 1 2 17 1 3 10 1 3 15 1 3 17 1 4 11 1 4 12 1 4 13 1 5 11 1 5 13 1 5 14 1 6 12 1 6 13 1 6 14 1 7 12 1 7 15 1 7 16 1 8 16 1 10 17 1 11 15 1
18 25  0 8 2 0 16 1 1 9 1 1 12 1 1 14 1 2 9 1 2 15 1 2 17 1 3 10 1 3 12 1 3 13 1 4 10 1 4 14 1 4 16 1 5 11 1 5 13 1 5 17 1 6 11 2 6 15 1 7 13 1 7 14 1 7 15 1 8 16 1 9 12 1 10 17 1
18 23  0 7 1 0 11 2 1 8 2 1 13 1 2 9 2 2 14 1 3 10 2 3 15 1 4 11 1 4 16 1 4 17 1 5 12 1 5 13 1 5 14 1 6 12 1 6 15 1 6 17 1 7 16 1 7 17 1 8 14 1 9 16 1 10 15 1 12 13 1
18 25  0 7 1 0 12 1 0 13 1 1 8 1 1 14 1 1 15 1 2 9 2 2 16 1 3 10 1 3 12 1 3 14 1 4 10 1 4 13 1 4 17 1 5 11 1 5 15 1 5 17 1 6 11 2 6 15 1 7 12 1 7 13 1 8 16 1 8 17 1 9 16 1 10 14 1
18 25  0 7 1 0 10 1 0 17 1 1 8 1 1 12 1 1 13 1 2 9 2 2 16 1 3 10 2 3 13 1 4 11 1 4 13 1 4 14 1 5 11 1 5 15 1 5 17 1 6 12 1 6 15 1 6 17 1 7 14 1 7 15 1 8 14 1 8 16 1 9 16 1 11 12 1
18 25  0 7 1 0 10 1 0 12 1 1 8 1 1 11 2 2 9 2 2 16 1 3 10 1 3 12 1 3 13 1 4 11 1 4 13 1 4 17 1 5 12 1 5 13 1 5 14 1 6 14 1 6 15 1 6 16 1 7 14 1 7 17 1 8 15 1 8 17 1 9 16 1 10 15 1
18 25  0 7 1 0 10 1 0 17 1 1 8 1 1 12 1 1 13 1 2 9 2 2 16 1 3 10 1 3 12 1 3 13 1 4 11 1 4 14 1 4 17 1 5 11 2 5 15 1 6 12 1 6 15 1 6 17 1 7 13 1 7 14 1 8 14 1 8 15 1 9 16 1 10 16 1
18 25  0 7 1 0 11 1 0 12 1 1 8 1 1 12 1 1 17 1 2 9 2 2 15 1 3 10 2 3 16 1 4 11 1 4 12 1 4 13 1 5 11 1 5 13 1 5 14 1 6 14 1 6 15 1 6 17 1 7 15 1 7 17 1 8 13 1 8 14 1 9 16 1 10 16 1
18 26  0 7 1 0 10 1 0 13 1 1 8 1 1 12 1 1 16 1 2 9 2 2 16 1 3 10 1 3 11 1 3 12 1 4 11 1 4 13 1 4 14 1 5 14 1 5 15 1 5 17 1 6 14 1 6 15 1 6 17 1 7 11 1 7 12 1 8 13 1 8 17 1 9 16 1 10 15 1
18 26  0 6 1 0 10 1 0 12 1 1 7 1 1 12 1 1 16 1 2 8 1 2 14 1 2 15 1 3 9 2 3 16 1 4 10 1 4 11 1 4 13 1 5 11 1 5 15 1 5 17 1 6 13 1 6 14 1 7 13 1 7 17 1 8 14 1 8 15 1 9 16 1 10 12 1 11 17 1
18 26  0 8 2 0 16 1 1 9 1 1 11 1 1 12 1 2 9 1 2 11 1 2 12 1 3 10 1 3 13 1 3 14 1 4 10 1 4 15 1 4 16 1 5 11 1 5 13 1 5 15 1 6 12 1 6 14 1 6 15 1 7 13 1 7 14 1 7 17 1 8 16 1 9 17 1 10 17 1
18 26  0 6 1 0 10 1 0 12 1 1 7 1 1 12 1 1 13 1 2 8 1 2 14 1 2 15 1 3 9 2 3 16 1 4 11 1 4 13 1 4 14 1 5 11 1 5 15 1 5 17 1 6 10 1 6 12 1 7 13 1 7 14 1 8 15 1 8 17 1 9 16 1 10 17 1 11 16 1
18 25  0 7 1 0 12 1 0 17 1 1 8 1 1 12 1 1 13 1 2 9 2 2 16 1 3 10 1 3 13 1 3 14 1 4 10 1 4 14 1 4 17 1 5 11 1 5 15 1 5 17 1 6 11 2 6 15 1 7 13 1 7 14 1 8 15 1 8 16 1 9 16 1 10 12 1
18 25  0 7 1 0 12 1 0 13 1 1 8 1 1 12 1 1 13 1 2 9 2 2 16 1 3 10 2 3 11 1 4 10 1 4 14 1 4 15 1 5 11 1 5 15 1 5 17 1 6 13 1 6 14 1 6 15 1 7 12 1 7 17 1 8 14 1 8 16 1 9 16 1 11 17 1
18 25  0 7 1 0 12 1 0 13 1 1 8 1 1 12 1 1 14 1 2 9 2 2 16 1 3 10 1 3 11 2 4 10 1 4 14 1 4 15 1 5 11 1 5 15 1 5 17 1 6 12 1 6 14 1 6 16 1 7 13 1 7 17 1 8 13 1 8 15 1 9 16 1 10 17 1
18 24  0 7 1 0 13 1 0 14 1 1 8 1 1 13 1 1 14 1 2 9 2 2 16 1 3 10 1 3 11 2 4 10 1 4 12 2 5 11 1 5 14 1 5 17 1 6 12 1 6 15 1 6 17 1 7 13 1 7 15 1 8 15 1 8 16 1 9 16 1 10 17 1
18 23  0 7 1 0 10 2 1 8 2 1 11 1 2 9 2 2 15 1 3 10 1 3 12 1 3 14 1 4 11 2 4 16 1 5 12 1 5 13 1 5 15 1 6 13 1 6 14 1 6 17 1 7 16 1 7 17 1 8 16 1 9 15 1 12 14 1 13 17 1
18 26  0 6 1 0 10 1 0 12 1 1 7 1 1 11 1 1 15 1 2 8 1 2 13 1 2 17 1 3 9 2 3 16 1 4 10 1 4 15 1 4 17 1 5 11 1 5 12 1 5 14 1 6 15 1 6 17 1 7 13 1 7 14 1 8 14 1 8 16 1 9 16 1 10 12 1 11 13 1
18 23  0 8 2 0 13 1 1 9 2 1 16 1 2 10 1 2 11 1 2 17 1 3 10 1 3 14 1 3 17 1 4 11 2 4 13 1 5 12 1 5 14 1 5 15 1 6 12 2 6 15 1 7 14 1 7 16 1 7 17 1 8 15 1 9 16 1 10 13 1
18 25  0 7 1 0 10 1 0 12 1 1 8 1 1 12 1 1 13 1 2 9 2 2 16 1 3 10 1 3 11 1 3 17 1 4 11 2 4 15 1 5 13 1 5 14 1 5 17 1 6 13 1 6 14 1 6 17 1 7 15 1 7 16 1 8 14 1 8 15 1 9 16 1 10 12 1
18 24  0 7 1 0 10 2 1 8 1 1 13 1 1 14 1 2 9 2 2 16 1 3 10 1 3 11 2 4 11 1 4 14 1 4 17 1 5 12 1 5 14 1 5 15 1 6 12 1 6 15 1 6 16 1 7 15 1 7 17 1 8 13 1 8 17 1 9 16 1 12 13 1
18 25  0 7 1 0 10 2 1 8 1 1 12 1 1 13 1 2 9 2 2 16 1 3 10 1 3 14 1 3 17 1 4 11 1 4 12 1 4 14 1 5 11 1 5 13 1 5 14 1 6 12 1 6 13 1 6 15 1 7 15 1 7 17 1 8 15 1 8 16 1 9 16 1 11 17 1
18 26  0 8 2 0 16 1 1 9 1 1 11 1 1 12 1 2 9 1 2 13 1 2 14 1 3 10 1 3 12 1 3 13 1 4 10 1 4 15 1 4 16 1 5 11 1 5 13 1 5 17 1 6 11 1 6 14 1 6 15 1 7 12 1 7 14 1 7 17 1 8 16 1 9 15 1 10 17 1
18 25  0 7 1 0 12 1 0 17 1 1 8 1 1 13 1 1 17 1 2 9 2 2 16 1 3 10 1 3 12 1 3 13 1 4 10 1 4 14 1 4 15 1 5 11 1 5 14 1 5 17 1 6 11 2 6 15 1 7 13 1 7 14 1 8 15 1 8 16 1 9 16 1 10 12 1
18 22  0 7 1 0 10 1 0 17 1 1 8 2 1 14 1 2 9 2 2 16 1 3 10 2 3 11 1 4 12 1 4 13 1 4 15 1 5 12 1 5 13 1 5 16 1 6 14 2 6 15 1 7 11 2 8 15 1 9 16 1 12 17 1 13 17 1
18 25  0 7 1 0 11 1 0 13 1 1 8 2 1 16 1 2 9 2 2 10 1 3 9 1 3 13 1 3 15 1 4 10 1 4 15 1 4 16 1 5 11 1 5 12 1 5 17 1 6 12 1 6 14 1 6 15 1 7 14 1 7 17 1 8 16 1 10 17 1 11 13 1 12 14 1
18 24  0 7 1 0 10 1 0 13 1 1 8 1 1 14 1 1 15 1 2 9 2 2 16 1 3 11 2 3 13 1 4 11 1 4 15 1 4 17 1 5 12 1 5 14 1 5 17 1 6 12 2 6 15 1 7 10 1 7 13 1 8 14 1 8 17 1 9 16 1 10 16 1
18 24  0 7 2 0 12 1 1 8 2 1 14 1 2 9 2 2 16 1 3 10 1 3 11 1 3 17 1 4 10 1 4 14 1 4 15 1 5 11 1 5 13 1 5 16 1 6 12 1 6 13 1 6 17 1 7 15 1 8 15 1 9 16 1 10 13 1 11 14 1 12 17 1
18 22  0 8 2 0 12 1 1 9 2 1 15 1 2 10 1 2 11 1 2 14 1 3 10 2 3 15 1 4 11 2 4 16 1 5 12 1 5 14 1 5 17 1 6 13 1 6 14 1 6 17 1 7 13 2 7 16 1 8 16 1 9 15 1 12 17 1
18 24  0 7 1 0 10 1 0 16 1 1 8 2 1 11 1 2 9 1 2 13 1 2 14 1 3 11 1 3 15 1 3 17 1 4 12 1 4 14 1 4 17 1 5 12 2 5 16 1 6 13 1 6 14 1 6 15 1 7 10 2 8 16 1 9 13 1 9 15 1 11 17 1
18 25  0 7 1 0 10 1 0 12 1 1 8 1 1 12 1 1 13 1 2 9 2 2 16 1 3 10 1 3 13 1 3 14 1 4 11 2 4 14 1 5 11 1 5 15 1 5 17 1 6 13 1 6 15 1 6 16 1 7 14 1 7 17 1 8 15 1 8 17 1 9 16 1 10 12 1
18 23  0 8 2 0 10 1 1 9 2 1 15 1 2 10 2 2 13 1 3 11 1 3 14 1 3 15 1 4 11 1 4 14 1 4 17 1 5 12 1 5 16 1 5 17 1 6 12 2 6 16 1 7 14 1 7 16 1 7 17 1 8 13 1 9 15 1 11 13 1
18 25  0 6 1 0 11 1 0 12 1 1 7 1 1 12 1 1 13 1 2 8 1 2 13 1 2 14 1 3 9 2 3 15 1 4 10 2 4 16 1 5 11 1 5 15 1 5 17 1 6 15 1 6 17 1 7 13 1 7 14 1 8 14 1 8 17 1 9 16 1 10 16 1 11 12 1
18 25  0 7 1 0 12 1 0 13 1 1 8 1 1 14 1 1 15 1 2 9 2 2 16 1 3 10 2 3 11 1 4 10 1 4 13 1 4 14 1 5 11 1 5 15 1 5 16 1 6 12 1 6 13 1 6 14 1 7 12 1 7 17 1 8 15 1 8 17 1 9 16 1 11 17 1
18 25  0 7 1 0 11 1 0 12 1 1 8 1 1 15 1 1 17 1 2 9 2 2 15 1 3 10 2 3 16 1 4 11 1 4 12 1 4 14 1 5 12 1 5 13 1 5 14 1 6 13 1 6 14 1 6 17 1 7 11 1 7 13 1 8 15 1 8 17 1 9 16 1 10 16 1
18 21  0 8 1 0 12 2 1 9 2 1 15 1 2 10 2 2 11 1 3 10 1 3 13 1 3 17 1 4 11 2 4 14 1 5 12 1 5 15 1 5 16 1 6 13 2 6 16 1 7 14 2 7 17 1 8 16 1 8 17 1 9 15 1
18 24  0 7 1 0 12 2 1 8 1 1 13 1 1 16 1 2 9 2 2 16 1 3 10 1 3 11 1 3 13 1 4 10 1 4 13 1 4 14 1 5 11 2 5 15 1 6 12 1 6 14 1 6 17 1 7 15 1 7 17 1 8 14 1 8 15 1 9 16 1 10 17 1
18 25  0 8 2 0 16 1 1 9 1 1 12 1 1 13 1 2 9 1 2 13 1 2 17 1 3 10 1 3 12 1 3 13 1 4 10 1 4 14 1 4 16 1 5 11 1 5 12 1 5 17 1 6 11 2 6 15 1 7 14 1 7 15 1 7 17 1 8 16 1 9 14 1 10 15 1
18 25  0 7 1 0 10 1 0 12 1 1 8 1 1 12 1 1 13 1 2 9 2 2 16 1 3 10 1 3 13 1 3 17 1 4 11 2 4 14 1 5 11 1 5 15 1 5 17 1 6 13 1 6 15 1 6 17 1 7 14 1 7 15 1 8 14 1 8 16 1 9 16 1 10 12 1
18 24  0 7 1 0 10 2 1 8 2 1 14 1 2 9 2 2 16 1 3 10 1 3 11 1 3 17 1 4 11 1 4 12 1 4 13 1 5 12 1 5 13 1 5 14 1 6 15 1 6 16 1 6 17 1 7 13 1 7 17 1 8 15 1 9 16 1 11 14 1 12 15 1
18 25  0 6 1 0 11 1 0 17 1 1 7 1 1 12 1 1 13 1 2 8 1 2 13 1 2 14 1 3 9 1 3 14 1 3 16 1 4 10 2 4 16 1 5 12 1 5 14 1 5 15 1 6 11 2 7 12 1 7 13 1 8 15 1 8 17 1 9 15 1 9 17 1 10 16 1
18 21  0 8 2 0 12 1 1 9 2 1 16 1 2 10 2 2 11 1 3 10 1 3 13 1 3 15 1 4 11 2 4 15 1 5 12 1 5 14 1 5 17 1 6 13 2 6 17 1 7 14 2 7 15 1 8 16 1 9 16 1 12 17 1
18 23  0 8 1 0 10 1 0 13 1 1 9 2 1 15 1 2 10 2 2 13 1 3 11 2 3 13 1 4 11 1 4 16 1 4 17 1 5 12 1 5 14 1 5 17 1 6 12 2 6 16 1 7 14 1 7 16 1 7 17 1 8 14 1 8 15 1 9 15 1
18 24  0 7 1 0 10 1 0 13 1 1 8 2 1 11 1 2 9 2 2 15 1 3 10 1 3 13 1 3 14 1 4 11 1 4 14 1 4 15 1 5 12 1 5 13 1 5 17 1 6 12 2 6 16 1 7 16 1 7 17 1 8 16 1 9 15 1 10 14 1 11 17 1
18 22  0 7 2 0 12 1 1 8 1 1 13 1 1 17 1 2 9 2 2 13 1 3 10 2 3 14 1 4 11 2 4 16 1 5 12 2 5 15 1 6 13 1 6 14 1 6 17 1 7 15 1 8 15 1 8 17 1 9 16 1 10 14 1 11 16 1
18 26  0 6 1 0 11 1 0 12 1 1 7 1 1 12 1 1 15 1 2 8 1 2 12 1 2 13 1 3 9 1 3 13 1 3 17 1 4 10 2 4 16 1 5 11 1 5 15 1 5 17 1 6 11 1 6 14 1 7 13 1 7 14 1 8 15 1 8 17 1 9 14 1 9 16 1 10 16 1
18 26  0 6 1 0 11 1 0 12 1 1 7 1 1 12 1 1 13 1 2 8 1 2 13 1 2 17 1 3 9 1 3 15 1 3 16 1 4 10 2 4 16 1 5 11 1 5 13 1 5 14 1 6 11 1 6 12 1 7 14 1 7 15 1 8 14 1 8 17 1 9 15 1 9 17 1 10 16 1
18 22  0 8 2 0 11 1 1 9 2 1 14 1 2 10 2 2 16 1 3 11 2 3 13 1 4 12 2 4 15 1 5 12 1 5 16 1 5 17 1 6 13 1 6 14 1 6 17 1 7 13 1 7 14 1 7 17 1 8 15 1 9 15 1 10 16 1
18 24  0 7 1 0 10 1 0 17 1 1 8 1 1 11 1 1 13 1 2 9 2 2 16 1 3 11 1 3 13 1 3 14 1 4 12 1 4 15 1 4 17 1 5 12 2 5 15 1 6 13 1 6 14 1 6 17 1 7 10 2 8 15 1 8 16 1 9 16 1 11 14 1
18 26  0 6 1 0 10 1 0 12 1 1 7 1 1 11 1 1 16 1 2 8 1 2 12 1 2 14 1 3 9 2 3 16 1 4 10 1 4 12 1 4 13 1 5 11 1 5 14 1 5 15 1 6 14 1 6 15 1 7 15 1 7 17 1 8 13 1 8 17 1 9 16 1 10 13 1 11 17 1
18 26  0 7 1 0 9 1 0 17 1 1 8 2 1 16 1 2 9 1 2 10 1 2 12 1 3 10 1 3 12 1 3 13 1 4 11 1 4 13 1 4 14 1 5 11 1 5 14 1 5 15 1 6 13 1 6 14 1 6 17 1 7 15 1 7 16 1 8 16 1 9 12 1 10 17 1 11 15 1
18 25  0 7 1 0 11 1 0 13 1 1 8 2 1 16 1 2 9 1 2 10 1 2 15 1 3 9 1 3 14 1 3 17 1 4 10 1 4 15 1 4 16 1 5 11 2 5 12 1 6 12 1 6 13 1 6 14 1 7 13 1 7 14 1 8 16 1 9 15 1 10 17 1 12 17 1
18 25  0 7 1 0 10 1 0 12 1 1 8 1 1 14 1 1 16 1 2 9 2 2 16 1 3 10 1 3 11 2 4 11 1 4 12 1 4 15 1 5 12 1 5 13 1 5 14 1 6 13 1 6 15 1 6 17 1 7 13 1 7 14 1 8 15 1 8 17 1 9 16 1 10 17 1
18 26  0 7 1 0 11 1 0 12 1 1 8 1 1 13 1 1 16 1 2 9 2 2 16 1 3 10 1 3 11 1 3 15 1 4 10 1 4 12 1 4 14 1 5 11 1 5 13 1 5 14 1 6 12 1 6 15 1 6 17 1 7 15 1 7 17 1 8 14 1 8 17 1 9 16 1 10 13 1
18 26  0 6 1 0 10 1 0 12 1 1 7 1 1 12 1 1 15 1 2 8 1 2 14 1 2 16 1 3 9 2 3 16 1 4 10 1 4 11 1 4 17 1 5 11 1 5 12 1 5 13 1 6 14 1 6 15 1 7 13 1 7 14 1 8 15 1 8 17 1 9 16 1 10 13 1 11 17 1
18 24  0 7 1 0 10 1 0 13 1 1 8 2 1 14 1 2 9 2 2 16 1 3 11 1 3 12 1 3 17 1 4 11 1 4 15 1 4 17 1 5 12 2 5 14 1 6 13 1 6 15 1 6 16 1 7 10 1 7 13 1 8 15 1 9 16 1 10 17 1 11 14 1
18 23  0 7 1 0 10 1 0 17 1 1 8 2 1 15 1 2 9 2 2 15 1 3 11 1 3 12 1 3 17 1 4 11 1 4 13 2 5 12 1 5 14 1 5 15 1 6 13 1 6 14 1 6 17 1 7 10 2 8 16 1 9 16 1 11 16 1 12 14 1
18 24  0 7 1 0 10 1 0 13 1 1 8 2 1 11 1 2 9 2 2 16 1 3 10 1 3 14 1 3 17 1 4 11 1 4 13 1 4 14 1 5 12 1 5 15 1 5 17 1 6 12 2 6 15 1 7 15 1 7 16 1 8 14 1 9 16 1 10 13 1 11 17 1
18 25  0 7 1 0 12 1 0 15 1 1 8 1 1 14 1 1 15 1 2 9 2 2 16 1 3 10 1 3 12 1 3 13 1 4 10 1 4 12 1 4 13 1 5 11 2 5 15 1 6 11 1 6 16 1 6 17 1 7 13 1 7 17 1 8 14 1 8 17 1 9 16 1 10 14 1
18 24  0 7 1 0 10 1 0 13 1 1 8 1 1 13 1 1 17 1 2 9 2 2 16 1 3 10 1 3 11 2 4 11 1 4 12 1 4 16 1 5 12 2 5 15 1 6 13 1 6 14 1 6 15 1 7 14 1 7 15 1 8 14 1 8 17 1 9 16 1 10 17 1
18 25  0 7 1 0 10 1 0 12 1 1 8 1 1 14 1 1 15 1 2 9 2 2 16 1 3 11 2 3 12 1 4 11 1 4 15 1 4 17 1 5 13 1 5 14 1 5 17 1 6 13 1 6 15 1 6 16 1 7 10 1 7 12 1 8 14 1 8 17 1 9 16 1 10 13 1
18 22  0 7 1 0 11 1 0 17 1 1 8 1 1 12 1 1 14 1 2 9 2 2 15 1 3 10 2 3 16 1 4 12 2 4 13 1 5 13 2 5 14 1 6 14 1 6 15 1 6 17 1 7 11 2 8 15 1 8 17 1 9 16 1 10 16 1
18 22  0 7 1 0 11 1 0 17 1 1 8 2 1 14 1 2 9 2 2 14 1 3 10 2 3 15 1 4 12 1 4 13 1 4 14 1 5 12 2 5 15 1 6 13 1 6 16 1 6 17 1 7 11 2 8 16 1 9 16 1 10 15 1 13 17 1
18 24  0 7 1 0 13 1 0 15 1 1 8 1 1 13 1 1 14 1 2 9 2 2 16 1 3 10 1 3 11 1 3 16 1 4 10 2 4 12 1 5 11 2 5 12 1 6 13 1 6 14 1 6 17 1 7 14 1 7 15 1 8 15 1 8 17 1 9 16 1 12 17 1
18 24  0 7 2 0 10 1 1 8 1 1 14 1 1 15 1 2 9 2 2 16 1 3 10 2 3 11 1 4 11 1 4 14 1 4 17 1 5 12 1 5 13 1 5 14 1 6 12 1 6 13 1 6 16 1 7 15 1 8 15 1 8 17 1 9 16 1 11 17 1 12 13 1
18 25  0 8 1 0 11 1 0 12 1 1 9 2 1 16 1 2 10 2 2 15 1 3 10 1 3 16 1 3 17 1 4 11 1 4 13 1 4 14 1 5 12 1 5 13 1 5 14 1 6 12 1 6 15 1 6 17 1 7 13 1 7 14 1 7 17 1 8 11 1 8 15 1 9 16 1
18 25  0 8 2 0 16 1 1 9 1 1 12 1 1 17 1 2 9 1 2 14 1 2 15 1 3 10 1 3 13 1 3 14 1 4 10 1 4 13 1 4 17 1 5 11 1 5 14 1 5 17 1 6 11 2 6 15 1 7 12 1 7 15 1 7 16 1 8 16 1 9 12 1 10 13 1
18 24  0 7 2 0 10 1 1 8 1 1 11 2 2 9 2 2 16 1 3 10 1 3 13 1 3 14 1 4 11 1 4 14 1 4 15 1 5 12 1 5 13 1 5 17 1 6 12 1 6 14 1 6 17 1 7 15 1 8 15 1 8 17 1 9 16 1 10 16 1 12 13 1
18 26  0 7 1 0 12 1 0 13 1 1 8 2 1 16 1 2 9 1 2 10 1 2 12 1 3 9 1 3 11 1 3 14 1 4 10 1 4 14 1 4 17 1 5 11 1 5 15 1 5 17 1 6 13 1 6 14 1 6 15 1 7 13 1 7 15 1 8 16 1 9 12 1 10 16 1 11 17 1
18 24  0 8 2 0 16 1 1 9 1 1 10 2 2 9 1 2 11 1 2 17 1 3 10 1 3 14 1 3 17 1 4 11 2 4 15 1 5 12 1 5 13 1 5 14 1 6 12 1 6 13 1 6 14 1 7 13 1 7 15 1 7 16 1 8 16 1 9 17 1 12 15 1
18 25  0 7 1 0 11 1 0 16 1 1 8 2 1 16 1 2 9 1 2 10 2 3 9 1 3 14 1 3 17 1 4 10 1 4 15 1 4 17 1 5 11 1 5 12 1 5 13 1 6 12 1 6 13 1 6 14 1 7 14 1 7 15 1 8 16 1 9 17 1 11 13 1 12 15 1
18 24  0 7 2 0 12 1 1 8 1 1 13 1 1 15 1 2 9 2 2 16 1 3 10 1 3 11 2 4 10 1 4 14 1 4 17 1 5 11 1 5 15 1 5 17 1 6 12 1 6 13 1 6 14 1 7 15 1 8 14 1 8 16 1 9 16 1 10 13 1 12 17 1
18 22  0 8 1 0 10 2 1 9 2 1 15 1 2 10 1 2 11 1 2 14 1 3 11 2 3 14 1 4 12 1 4 14 1 4 17 1 5 12 2 5 16 1 6 13 2 6 15 1 7 13 1 7 16 1 7 17 1 8 16 1 8 17 1 9 15 1
18 25  0 8 2 0 16 1 1 9 1 1 12 1 1 13 1 2 9 1 2 15 1 2 17 1 3 10 1 3 12 1 3 16 1 4 10 1 4 13 1 4 14 1 5 11 1 5 14 1 5 17 1 6 11 2 6 15 1 7 13 1 7 14 1 7 15 1 8 16 1 9 12 1 10 17 1
18 24  0 7 1 0 10 1 0 13 1 1 8 2 1 14 1 2 9 2 2 15 1 3 11 2 3 13 1 4 11 1 4 14 1 4 17 1 5 12 1 5 16 1 5 17 1 6 12 1 6 16 1 6 17 1 7 10 1 7 13 1 8 16 1 9 15 1 10 15 1 12 14 1
18 25  0 7 1 0 10 2 1 8 1 1 12 1 1 13 1 2 9 2 2 16 1 3 10 1 3 13 1 3 17 1 4 11 1 4 12 1 4 14 1 5 11 1 5 14 1 5 16 1 6 13 1 6 14 1 6 15 1 7 15 1 7 17 1 8 12 1 8 15 1 9 16 1 11 17 1
18 20  0 7 1 0 11 1 0 17 1 1 8 1 1 12 1 1 17 1 2 9 2 2 13 1 3 10 2 3 16 1 4 13 2 4 14 1 5 14 2 5 15 1 6 15 2 6 16 1 7 11 2 8 12 2 9 16 1 10 17 1
18 25  0 7 1 0 12 1 0 13 1 1 8 1 1 13 1 1 17 1 2 9 2 2 16 1 3 10 1 3 12 1 3 15 1 4 10 1 4 14 1 4 17 1 5 11 2 5 15 1 6 11 1 6 16 1 6 17 1 7 13 1 7 14 1 8 14 1 8 15 1 9 16 1 10 12 1
18 24  0 7 1 0 10 2 1 8 1 1 13 1 1 14 1 2 9 2 2 16 1 3 10 1 3 11 1 3 17 1 4 11 1 4 12 2 5 12 1 5 13 1 5 14 1 6 13 1 6 15 1 6 17 1 7 14 1 7 15 1 8 15 1 8 16 1 9 16 1 11 17 1
18 26  0 7 1 0 11 1 0 13 1 1 8 1 1 12 1 1 16 1 2 9 2 2 16 1 3 10 1 3 11 1 3 12 1 4 10 1 4 13 1 4 14 1 5 11 1 5 12 1 5 14 1 6 13 1 6 15 1 6 17 1 7 15 1 7 17 1 8 14 1 8 17 1 9 16 1 10 15 1
18 24  0 7 1 0 10 1 0 15 1 1 8 1 1 11 2 2 9 2 2 16 1 3 10 1 3 12 2 4 11 1 4 14 1 4 17 1 5 12 1 5 13 1 5 14 1 6 13 1 6 15 1 6 16 1 7 13 1 7 14 1 8 15 1 8 17 1 9 16 1 10 17 1
18 23  0 7 1 0 11 1 0 17 1 1 8 1 1 13 1 1 16 1 2 9 2 2 14 1 3 10 2 3 16 1 4 12 1 4 13 1 4 17 1 5 12 2 5 15 1 6 13 1 6 14 1 6 15 1 7 11 2 8 14 1 8 17 1 9 15 1 10 16 1
18 24  0 7 1 0 13 1 0 14 1 1 8 2 1 14 1 2 9 2 2 15 1 3 10 1 3 11 1 3 17 1 4 10 1 4 12 2 5 11 1 5 13 1 5 15 1 6 12 1 6 16 1 6 17 1 7 14 1 7 16 1 8 16 1 9 15 1 10 17 1 11 13 1
18 23  0 8 2 0 15 1 1 9 2 1 16 1 2 10 1 2 13 1 2 14 1 3 10 1 3 13 1 3 14 1 4 11 2 4 13 1 5 11 1 5 15 1 5 17 1 6 12 1 6 14 1 6 17 1 7 12 2 7 16 1 8 15 1 9 16 1 10 17 1
18 26  0 7 1 0 11 1 0 12 1 1 8 1 1 13 1 1 14 1 2 9 2 2 16 1 3 10 1 3 14 1 3 17 1 4 10 1 4 15 1 4 17 1 5 11 1 5 12 1 5 13 1 6 14 1 6 15 1 6 17 1 7 11 1 7 12 1 8 13 1 8 15 1 9 16 1 10 16 1
18 24  0 7 1 0 10 1 0 13 1 1 8 1 1 13 1 1 17 1 2 9 2 2 16 1 3 10 1 3 11 2 4 11 1 4 15 1 4 16 1 5 12 2 5 14 1 6 12 1 6 15 1 6 17 1 7 13 1 7 14 1 8 14 1 8 15 1 9 16 1 10 17 1
18 25  0 7 1 0 10 2 1 8 1 1 12 1 1 14 1 2 9 2 2 16 1 3 10 1 3 14 1 3 17 1 4 11 1 4 12 1 4 13 1 5 11 1 5 12 1 5 13 1 6 15 1 6 16 1 6 17 1 7 15 1 7 17 1 8 13 1 8 15 1 9 16 1 11 14 1
18 24  0 7 1 0 10 1 0 13 1 1 8 1 1 13 1 1 17 1 2 9 2 2 16 1 3 10 1 3 11 2 4 11 1 4 15 1 4 17 1 5 12 1 5 13 1 5 14 1 6 12 2 6 15 1 7 14 1 7 16 1 8 14 1 8 15 1 9 16 1 10 17 1
18 23  0 8 1 0 10 2 1 9 2 1 15 1 2 10 1 2 13 1 2 14 1 3 11 1 3 13 1 3 17 1 4 11 2 4 16 1 5 12 2 5 14 1 6 12 1 6 16 1 6 17 1 7 13 1 7 16 1 7 17 1 8 14 1 8 15 1 9 15 1
18 25  0 7 1 0 10 1 0 12 1 1 8 1 1 11 2 2 9 2 2 16 1 3 10 1 3 12 1 3 13 1 4 11 1 4 13 1 4 17 1 5 13 1 5 14 1 5 17 1 6 14 1 6 15 1 6 16 1 7 14 1 7 15 1 8 15 1 8 17 1 9 16 1 10 12 1
18 23  0 8 2 0 10 1 1 9 2 1 16 1 2 10 2 2 14 1 3 11 1 3 13 1 3 17 1 4 11 1 4 14 1 4 15 1 5 12 1 5 15 1 5 17 1 6 12 2 6 15 1 7 13 1 7 14 1 7 17 1 8 16 1 9 16 1 11 13 1
18 25  0 7 1 0 10 2 1 8 1 1 13 1 1 14 1 2 9 2 2 16 1 3 10 1 3 14 1 3 17 1 4 11 1 4 12 1 4 13 1 5 11 1 5 13 1 5 14 1 6 12 1 6 15 1 6 17 1 7 15 1 7 17 1 8 15 1 8 16 1 9 16 1 11 12 1
18 25  0 7 1 0 12 1 0 17 1 1 8 1 1 14 1 1 15 1 2 9 2 2 16 1 3 10 1 3 12 1 3 13 1 4 10 1 4 12 1 4 13 1 5 11 1 5 15 1 5 17 1 6 11 2 6 15 1 7 13 1 7 17 1 8 14 1 8 16 1 9 16 1 10 14 1
18 23  0 7 2 0 10 1 1 8 1 1 11 1 1 14 1 2 9 2 2 16 1 3 10 2 3 12 1 4 11 1 4 14 1 4 16 1 5 12 2 5 13 1 6 13 1 6 14 1 6 17 1 7 15 1 8 15 1 8 17 1 9 16 1 11 15 1 13 17 1
18 25  0 7 1 0 10 2 1 8 1 1 12 1 1 13 1 2 9 2 2 16 1 3 10 1 3 14 1 3 17 1 4 11 1 4 13 1 4 17 1 5 11 1 5 14 1 5 15 1 6 12 1 6 15 1 6 16 1 7 15 1 7 17 1 8 13 1 8 14 1 9 16 1 11 12 1
18 24  0 7 1 0 10 1 0 13 1 1 8 2 1 13 1 2 9 2 2 15 1 3 10 1 3 11 1 3 14 1 4 11 1 4 16 1 4 17 1 5 12 1 5 16 1 5 17 1 6 12 2 6 16 1 7 14 1 7 17 1 8 14 1 9 15 1 10 13 1 11 15 1
18 23  0 7 1 0 11 2 1 8 1 1 13 1 1 14 1 2 9 2 2 15 1 3 10 2 3 16 1 4 11 1 4 13 1 4 15 1 5 12 2 5 14 1 6 12 1 6 16 1 6 17 1 7 14 1 7 17 1 8 13 1 8 17 1 9 15 1 10 16 1
18 24  0 7 1 0 10 2 1 8 1 1 13 1 1 14 1 2 9 2 2 16 1 3 10 1 3 11 1 3 17 1 4 11 1 4 14 1 4 15 1 5 12 1 5 13 1 5 17 1 6 12 2 6 16 1 7 15 1 7 17 1 8 13 1 8 14 1 9 16 1 11 15 1
18 26  0 7 1 0 11 1 0 12 1 1 8 1 1 13 1 1 16 1 2 9 2 2 16 1 3 10 1 3 12 1 3 13 1 4 10 1 4 14 1 4 17 1 5 11 1 5 12 1 5 13 1 6 14 1 6 15 1 6 17 1 7 11 1 7 14 1 8 15 1 8 17 1 9 16 1 10 15 1
18 23  0 8 1 0 9 1 0 14 1 1 10 1 1 11 2 2 10 1 2 14 1 2 15 1 3 11 1 3 14 1 3 16 1 4 12 2 4 15 1 5 12 1 5 16 1 5 17 1 6 13 1 6 15 1 6 17 1 7 13 2 7 16 1 8 9 2 10 17 1
18 25  0 7 1 0 10 2 1 8 1 1 12 1 1 13 1 2 9 2 2 16 1 3 10 1 3 13 1 3 17 1 4 11 1 4 13 1 4 14 1 5 11 1 5 15 1 5 17 1 6 14 1 6 15 1 6 16 1 7 14 1 7 15 1 8 12 1 8 17 1 9 16 1 11 12 1
18 24  0 8 2 0 16 1 1 9 1 1 10 2 2 9 1 2 13 1 2 14 1 3 10 1 3 15 1 3 17 1 4 11 1 4 14 1 4 15 1 5 11 1 5 14 1 5 15 1 6 12 1 6 13 1 6 17 1 7 12 2 7 16 1 8 16 1 9 17 1 11 13 1
18 22  0 8 2 0 16 1 1 9 2 1 10 1 2 9 1 2 11 1 2 16 1 3 10 1 3 12 1 3 17 1 4 11 2 4 13 1 5 12 2 5 14 1 6 13 1 6 15 1 6 17 1 7 14 2 7 15 1 8 16 1 10 17 1 13 15 1
18 25  0 7 1 0 12 1 0 14 1 1 8 2 1 15 1 2 9 2 2 16 1 3 10 1 3 12 1 3 13 1 4 10 1 4 15 1 4 17 1 5 11 1 5 13 1 5 14 1 6 11 1 6 14 1 6 17 1 7 13 1 7 15 1 8 16 1 9 16 1 10 12 1 11 17 1
18 25  0 7 1 0 10 2 1 8 1 1 13 1 1 14 1 2 9 2 2 16 1 3 10 1 3 12 1 3 17 1 4 11 1 4 12 1 4 13 1 5 11 1 5 14 1 5 15 1 6 12 1 6 13 1 6 15 1 7 15 1 7 17 1 8 14 1 8 16 1 9 16 1 11 17 1
18 25  0 7 1 0 10 1 0 17 1 1 8 1 1 15 1 1 16 1 2 9 2 2 16 1 3 11 1 3 12 1 3 13 1 4 11 1 4 12 1 4 13 1 5 12 1 5 13 1 5 14 1 6 14 1 6 15 1 6 17 1 7 10 2 8 15 1 8 17 1 9 16 1 11 14 1
18 24  0 7 1 0 12 1 0 13 1 1 8 2 1 15 1 2 9 2 2 16 1 3 10 1 3 11 1 3 17 1 4 10 1 4 11 2 5 12 1 5 13 1 5 14 1 6 13 1 6 14 1 6 15 1 7 14 1 7 15 1 8 16 1 9 16 1 10 17 1 12 17 1
18 25  0 7 1 0 12 1 0 13 1 1 8 1 1 14 1 1 15 1 2 9 2 2 16 1 3 10 1 3 11 2 4 10 1 4 14 1 4 15 1 5 11 1 5 15 1 5 17 1 6 12 1 6 13 1 6 17 1 7 12 1 7 13 1 8 14 1 8 16 1 9 16 1 10 17 1
18 25  0 8 2 0 16 1 1 9 2 1 10 1 2 9 1 2 13 1 2 14 1 3 10 1 3 14 1 3 15 1 4 11 1 4 12 1 4 13 1 5 11 1 5 15 1 5 17 1 6 12 1 6 13 1 6 17 1 7 12 1 7 14 1 7 15 1 8 16 1 10 17 1 11 16 1
18 26  0 7 1 0 12 1 0 15 1 1 8 2 1 16 1 2 9 1 2 10 1 2 17 1 3 9 1 3 13 1 3 14 1 4 10 1 4 15 1 4 17 1 5 11 1 5 12 1 5 13 1 6 11 1 6 13 1 6 17 1 7 14 1 7 15 1 8 16 1 9 14 1 10 16 1 11 12 1
18 25  0 7 1 0 12 1 0 17 1 1 8 1 1 13 1 1 14 1 2 9 2 2 16 1 3 10 1 3 12 1 3 13 1 4 10 1 4 13 1 4 15 1 5 11 2 5 15 1 6 11 1 6 16 1 6 17 1 7 14 1 7 15 1 8 14 1 8 17 1 9 16 1 10 12 1
18 25  0 7 1 0 9 1 0 15 1 1 8 2 1 16 1 2 9 1 2 10 1 2 17 1 3 10 1 3 11 1 3 13 1 4 11 1 4 15 1 4 16 1 5 12 2 5 13 1 6 12 1 6 14 1 6 17 1 7 13 1 7 14 1 8 16 1 9 15 1 10 14 1 11 17 1
18 24  0 7 1 0 10 2 1 8 1 1 11 2 2 9 2 2 16 1 3 10 1 3 13 1 3 15 1 4 11 1 4 13 1 4 14 1 5 12 1 5 13 1 5 14 1 6 12 1 6 15 1 6 17 1 7 14 1 7 17 1 8 15 1 8 17 1 9 16 1 12 16 1
18 22  0 8 1 0 9 1 0 15 1 1 10 1 1 11 1 1 17 1 2 10 1 2 11 2 3 12 2 3 13 1 4 12 1 4 15 1 4 17 1 5 13 2 5 16 1 6 14 1 6 15 1 6 16 1 7 14 2 7 16 1 8 9 2 10 17 1
18 23  0 8 2 0 16 1 1 9 1 1 10 1 1 17 1 2 9 2 2 13 1 3 10 2 3 15 1 4 11 1 4 12 1 4 17 1 5 11 1 5 14 1 5 16 1 6 12 1 6 14 1 6 17 1 7 13 2 7 15 1 8 16 1 11 14 1 12 15 1
18 26  0 7 1 0 12 1 0 13 1 1 8 1 1 15 1 1 16 1 2 9 2 2 16 1 3 10 1 3 11 1 3 12 1 4 10 1 4 13 1 4 14 1 5 11 1 5 13 1 5 14 1 6 12 1 6 14 1 6 17 1 7 15 1 7 17 1 8 15 1 8 17 1 9 16 1 10 11 1
18 23  0 7 1 0 11 1 0 17 1 1 8 2 1 12 1 2 9 2 2 14 1 3 10 2 3 16 1 4 12 1 4 13 1 4 16 1 5 13 1 5 14 1 5 15 1 6 13 1 6 14 1 6 17 1 7 11 2 8 15 1 9 15 1 10 16 1 12 17 1
18 26  0 7 1 0 11 1 0 12 1 1 8 1 1 12 1 1 15 1 2 9 2 2 16 1 3 10 1 3 12 1 3 13 1 4 10 1 4 15 1 4 17 1 5 11 1 5 13 1 5 14 1 6 11 1 6 14 1 6 17 1 7 13 1 7 17 1 8 14 1 8 15 1 9 16 1 10 16 1
18 23  0 8 2 0 16 1 1 9 1 1 10 1 1 16 1 2 9 1 2 10 2 3 11 2 3 12 1 4 11 1 4 14 1 4 17 1 5 12 2 5 15 1 6 13 1 6 14 1 6 15 1 7 13 1 7 14 1 7 15 1 8 16 1 9 17 1 13 17 1
18 21  0 8 1 0 9 1 0 17 1 1 10 1 1 11 1 1 16 1 2 10 1 2 11 2 3 12 1 3 13 1 3 17 1 4 12 2 4 14 1 5 13 2 5 15 1 6 14 2 6 16 1 7 15 2 7 16 1 8 9 2 10 17 1
18 26  0 8 2 0 16 1 1 9 1 1 11 1 1 12 1 2 9 1 2 12 1 2 13 1 3 10 1 3 13 1 3 17 1 4 10 1 4 15 1 4 17 1 5 11 1 5 13 1 5 14 1 6 12 1 6 14 1 6 15 1 7 14 1 7 15 1 7 17 1 8 16 1 9 11 1 10 16 1
18 24  0 7 2 0 10 1 1 8 1 1 13 1 1 16 1 2 9 2 2 16 1 3 10 1 3 11 1 3 13 1 4 11 1 4 12 1 4 17 1 5 12 2 5 14 1 6 14 1 6 15 1 6 17 1 7 15 1 8 14 1 8 15 1 9 16 1 10 17 1 11 13 1
18 25  0 8 2 0 16 1 1 9 1 1 10 1 1 17 1 2 9 1 2 12 1 2 13 1 3 10 2 3 14 1 4 11 1 4 12 1 4 14 1 5 11 1 5 15 1 5 17 1 6 13 1 6 14 1 6 15 1 7 13 1 7 15 1 7 17 1 8 16 1 9 16 1 11 12 1
18 25  0 7 1 0 12 1 0 13 1 1 8 1 1 12 1 1 14 1 2 9 2 2 16 1 3 10 1 3 14 1 3 17 1 4 10 1 4 15 1 4 16 1 5 11 2 5 14 1 6 11 1 6 15 1 6 17 1 7 13 1 7 17 1 8 13 1 8 15 1 9 16 1 10 12 1
18 23  0 8 1 0 13 1 0 14 1 1 9 2 1 15 1 2 10 1 2 11 1 2 15 1 3 10 2 3 16 1 4 11 2 4 16 1 5 12 2 5 14 1 6 12 1 6 16 1 6 17 1 7 13 1 7 14 1 7 17 1 8 13 1 8 17 1 9 15 1
18 26  0 6 1 0 10 1 0 12 1 1 7 1 1 12 1 1 17 1 2 8 1 2 14 1 2 17 1 3 9 2 3 16 1 4 11 1 4 13 1 4 15 1 5 11 1 5 13 1 5 17 1 6 10 1 6 12 1 7 14 1 7 15 1 8 15 1 8 16 1 9 16 1 10 13 1 11 14 1
18 24  0 7 2 0 12 1 1 8 1 1 13 1 1 16 1 2 9 2 2 16 1 3 10 1 3 11 1 3 13 1 4 10 1 4 13 1 4 14 1 5 11 1 5 14 1 5 17 1 6 12 2 6 15 1 7 15 1 8 14 1 8 15 1 9 16 1 10 17 1 11 17 1
18 26  0 6 1 0 11 1 0 12 1 1 7 1 1 12 1 1 17 1 2 8 1 2 13 1 2 14 1 3 9 1 3 14 1 3 16 1 4 10 2 4 16 1 5 11 1 5 15 1 5 17 1 6 11 1 6 12 1 7 13 1 7 14 1 8 13 1 8 15 1 9 15 1 9 17 1 10 16 1
18 23  0 8 2 0 15 1 1 9 1 1 10 1 1 14 1 2 9 1 2 11 2 3 10 2 3 12 1 4 11 1 4 16 1 4 17 1 5 12 2 5 14 1 6 13 1 6 15 1 6 16 1 7 13 1 7 16 1 7 17 1 8 15 1 9 14 1 13 17 1
18 25  0 7 1 0 10 1 0 12 1 1 8 1 1 14 1 1 15 1 2 9 2 2 16 1 3 10 1 3 12 1 3 13 1 4 11 2 4 12 1 5 11 1 5 13 1 5 17 1 6 14 1 6 15 1 6 16 1 7 15 1 7 17 1 8 14 1 8 17 1 9 16 1 10 13 1
18 24  0 7 1 0 10 1 0 13 1 1 8 1 1 13 1 1 17 1 2 9 2 2 16 1 3 11 2 3 14 1 4 11 1 4 15 1 4 17 1 5 12 2 5 14 1 6 12 1 6 15 1 6 17 1 7 10 1 7 13 1 8 15 1 8 16 1 9 16 1 10 14 1
18 24  0 7 1 0 10 2 1 8 1 1 11 1 1 17 1 2 9 2 2 16 1 3 10 1 3 13 1 3 17 1 4 11 2 4 14 1 5 12 1 5 13 1 5 14 1 6 12 1 6 15 1 6 17 1 7 14 1 7 15 1 8 15 1 8 16 1 9 16 1 12 13 1
18 24  0 8 2 0 16 1 1 9 1 1 10 1 1 17 1 2 9 1 2 10 2 3 11 1 3 13 1 3 14 1 4 11 1 4 14 1 4 15 1 5 12 1 5 13 1 5 16 1 6 12 2 6 15 1 7 14 1 7 15 1 7 17 1 8 16 1 9 17 1 11 13 1
18 23  0 7 1 0 10 1 0 14 1 1 8 2 1 11 1 2 9 2 2 15 1 3 11 1 3 12 2 4 12 1 4 13 1 4 15 1 5 13 2 5 16 1 6 14 1 6 16 1 6 17 1 7 10 1 7 14 1 8 16 1 9 15 1 10 17 1 11 17 1
18 26  0 7 1 0 11 1 0 12 1 1 8 1 1 15 1 1 16 1 2 9 2 2 16 1 3 10 1 3 11 1 3 12 1 4 10 1 4 12 1 4 13 1 5 11 1 5 14 1 5 15 1 6 13 1 6 14 1 6 17 1 7 14 1 7 17 1 8 15 1 8 17 1 9 16 1 10 13 1
18 24  0 7 1 0 12 2 1 8 2 1 14 1 2 9 2 2 16 1 3 10 1 3 11 1 3 15 1 4 10 1 4 13 1 4 16 1 5 11 1 5 14 1 5 17 1 6 12 1 6 13 1 6 17 1 7 15 1 7 17 1 8 15 1 9 16 1 10 13 1 11 14 1
18 26  0 7 1 0 12 1 0 15 1 1 8 1 1 13 1 1 14 1 2 9 2 2 16 1 3 10 1 3 11 1 3 12 1 4 10 1 4 15 1 4 16 1 5 11 1 5 12 1 5 13 1 6 11 1 6 14 1 6 17 1 7 14 1 7 15 1 8 13 1 8 17 1 9 16 1 10 17 1
18 25  0 6 1 0 11 2 1 7 1 1 12 1 1 14 1 2 8 1 2 12 1 2 13 1 3 9 1 3 14 1 3 15 1 4 10 2 4 16 1 5 11 1 5 12 1 5 17 1 6 13 1 6 17 1 7 13 1 7 14 1 8 15 1 8 17 1 9 15 1 9 16 1 10 16 1
18 23  0 7 2 0 13 1 1 8 2 1 13 1 2 9 2 2 14 1 3 10 2 3 16 1 4 11 1 4 12 1 4 14 1 5 11 1 5 15 1 5 17 1 6 12 1 6 15 1 6 17 1 7 14 1 8 15 1 9 16 1 10 16 1 11 13 1 12 17 1
18 25  0 7 1 0 10 2 1 8 1 1 12 1 1 13 1 2 9 2 2 16 1 3 10 1 3 12 1 3 13 1 4 11 1 4 13 1 4 14 1 5 11 1 5 14 1 5 17 1 6 12 1 6 15 1 6 16 1 7 15 1 7 17 1 8 14 1 8 17 1 9 16 1 11 15 1
18 24  0 7 1 0 10 1 0 13 1 1 8 2 1 15 1 2 9 2 2 16 1 3 11 2 3 13 1 4 11 1 4 16 1 4 17 1 5 12 1 5 14 1 5 15 1 6 12 1 6 14 1 6 17 1 7 10 1 7 13 1 8 15 1 9 16 1 10 17 1 12 14 1
18 25  0 7 1 0 13 1 0 14 1 1 8 1 1 14 1 1 16 1 2 9 2 2 16 1 3 10 1 3 11 1 3 17 1 4 10 1 4 12 1 4 13 1 5 11 2 5 12 1 6 12 1 6 13 1 6 14 1 7 15 1 7 17 1 8 15 1 8 17 1 9 16 1 10 15 1
18 25  0 7 1 0 11 1 0 15 1 1 8 2 1 16 1 2 9 1 2 10 1 2 17 1 3 9 1 3 10 2 4 11 1 4 12 1 4 13 1 5 12 1 5 13 1 5 14 1 6 15 1 6 16 1 6 17 1 7 14 1 7 15 1 8 16 1 9 17 1 11 13 1 12 14 1
18 26  0 7 1 0 11 1 0 12 1 1 8 1 1 12 1 1 15 1 2 9 2 2 16 1 3 10 1 3 12 1 3 13 1 4 10 1 4 15 1 4 17 1 5 11 1 5 13 1 5 14 1 6 11 1 6 14 1 6 15 1 7 14 1 7 17 1 8 13 1 8 17 1 9 16 1 10 16 1
18 23  0 8 1 0 10 1 0 17 1 1 9 2 1 14 1 2 11 1 2 13 1 2 17 1 3 11 2 3 16 1 4 12 1 4 15 1 4 17 1 5 12 2 5 16 1 6 13 1 6 14 1 6 15 1 7 13 1 7 14 1 7 16 1 8 10 2 9 15 1
18 23  0 7 2 0 10 1 1 8 2 1 11 1 2 9 2 2 16 1 3 10 1 3 12 1 3 14 1 4 11 1 4 14 1 4 15 1 5 12 1 5 13 2 6 13 1 6 15 1 6 17 1 7 16 1 8 15 1 9 16 1 10 17 1 11 17 1 12 14 1
18 21  0 7 1 0 11 1 0 15 1 1 8 1 1 12 1 1 17 1 2 9 2 2 15 1 3 10 2 3 16 1 4 13 1 4 14 1 4 17 1 5 13 2 5 15 1 6 14 2 6 16 1 7 11 2 8 12 2 9 16 1 10 17 1
18 25  0 8 1 0 10 2 1 9 2 1 16 1 2 10 1 2 15 1 2 17 1 3 11 1 3 12 1 3 13 1 4 11 1 4 12 1 4 13 1 5 11 1 5 14 1 5 15 1 6 12 1 6 14 1 6 16 1 7 13 1 7 14 1 7 17 1 8 15 1 8 17 1 9 16 1
18 22  0 8 2 0 16 1 1 9 1 1 10 1 1 15 1 2 9 1 2 10 2 3 11 1 3 12 1 3 17 1 4 11 1 4 12 2 5 13 1 5 14 1 5 16 1 6 13 2 6 15 1 7 14 2 7 17 1 8 16 1 9 15 1 11 17 1
18 25  0 7 1 0 10 1 0 17 1 1 8 1 1 12 1 1 13 1 2 9 2 2 16 1 3 11 1 3 12 1 3 14 1 4 11 1 4 15 1 4 17 1 5 13 1 5 14 1 5 17 1 6 14 1 6 15 1 6 16 1 7 10 2 8 13 1 8 15 1 9 16 1 11 12 1
18 22  0 8 1 0 12 2 1 9 2 1 16 1 2 10 1 2 11 1 2 17 1 3 10 2 3 14 1 4 11 2 4 15 1 5 12 1 5 14 1 5 15 1 6 13 1 6 15 1 6 17 1 7 13 2 7 16 1 8 14 1 8 17 1 9 16 1
18 25  0 7 1 0 11 1 0 17 1 1 8 2 1 16 1 2 9 1 2 10 1 2 13 1 3 9 1 3 14 1 3 15 1 4 10 1 4 13 1 4 14 1 5 11 2 5 12 1 6 12 1 6 14 1 6 15 1 7 15 1 7 17 1 8 16 1 9 13 1 10 16 1 12 17 1
18 23  0 7 1 0 10 1 0 14 1 1 8 2 1 11 1 2 9 2 2 16 1 3 11 1 3 12 1 3 15 1 4 12 1 4 14 1 4 17 1 5 13 1 5 14 1 5 16 1 6 13 2 6 15 1 7 10 2 8 15 1 9 16 1 11 17 1 12 17 1
18 22  0 8 1 0 9 1 0 17 1 1 10 2 1 11 1 2 10 1 2 12 1 2 15 1 3 11 1 3 13 1 3 17 1 4 12 2 4 16 1 5 13 2 5 16 1 6 14 1 6 15 1 6 16 1 7 14 2 7 15 1 8 9 2 11 17 1
18 25  0 7 1 0 10 2 1 8 1 1 13 1 1 14 1 2 9 2 2 16 1 3 10 1 3 14 1 3 17 1 4 11 1 4 12 1 4 13 1 5 11 1 5 13 1 5 17 1 6 12 1 6 14 1 6 15 1 7 15 1 7 17 1 8 15 1 8 16 1 9 16 1 11 12 1
18 26  0 7 1 0 12 1 0 15 1 1 8 1 1 12 1 1 13 1 2 9 2 2 16 1 3 10 1 3 11 1 3 12 1 4 10 1 4 14 1 4 16 1 5 11 1 5 13 1 5 14 1 6 11 1 6 15 1 6 17 1 7 13 1 7 14 1 8 15 1 8 17 1 9 16 1 10 17 1
18 24  0 7 1 0 10 2 1 8 2 1 11 1 2 9 2 2 15 1 3 10 1 3 14 1 3 17 1 4 11 1 4 15 1 4 16 1 5 12 1 5 13 1 5 14 1 6 12 1 6 13 1 6 14 1 7 16 1 7 17 1 8 16 1 9 15 1 11 17 1 12 13 1
18 23  0 7 2 0 11 1 1 8 2 1 12 1 2 9 2 2 13 1 3 10 2 3 14 1 4 11 1 4 15 1 4 16 1 5 12 1 5 15 1 5 17 1 6 13 1 6 14 1 6 15 1 7 16 1 8 16 1 9 13 1 10 14 1 11 17 1 12 17 1
18 26  0 6 1 0 11 1 0 13 1 1 7 1 1 11 1 1 12 1 2 8 1 2 13 1 2 17 1 3 9 1 3 14 1 3 16 1 4 10 2 4 16 1 5 11 1 5 12 1 5 13 1 6 12 1 6 17 1 7 14 1 7 15 1 8 14 1 8 15 1 9 15 1 9 17 1 10 16 1
18 24  0 7 1 0 10 1 0 13 1 1 8 2 1 11 1 2 9 2 2 16 1 3 10 1 3 12 2 4 11 1 4 13 1 4 14 1 5 12 1 5 14 1 5 17 1 6 14 1 6 15 1 6 16 1 7 13 1 7 17 1 8 15 1 9 16 1 10 17 1 11 15 1
18 22  0 8 1 0 10 1 0 17 1 1 9 2 1 14 1 2 11 1 2 14 1 2 15 1 3 11 2 3 16 1 4 12 2 4 14 1 5 12 1 5 16 1 5 17 1 6 13 1 6 15 1 6 17 1 7 13 2 7 16 1 8 10 2 9 15 1
18 25  0 7 1 0 10 2 1 8 1 1 14 1 1 15 1 2 9 2 2 16 1 3 10 1 3 11 1 3 17 1 4 11 1 4 12 1 4 13 1 5 12 1 5 13 1 5 14 1 6 12 1 6 15 1 6 16 1 7 13 1 7 17 1 8 15 1 8 17 1 9 16 1 11 14 1
18 24  0 7 1 0 11 2 1 8 1 1 12 1 1 13 1 2 9 2 2 15 1 3 10 2 3 16 1 4 11 1 4 13 1 4 17 1 5 12 1 5 13 1 5 14 1 6 12 1 6 14 1 6 17 1 7 15 1 7 17 1 8 14 1 8 15 1 9 16 1 10 16 1
18 23  0 7 1 0 10 1 0 17 1 1 8 2 1 11 1 2 9 2 2 15 1 3 10 1 3 12 1 3 14 1 4 11 2 4 14 1 5 12 2 5 13 1 6 13 1 6 15 1 6 16 1 7 16 1 7 17 1 8 16 1 9 15 1 10 14 1 13 17 1
18 23  0 7 1 0 10 1 0 16 1 1 8 2 1 14 1 2 9 2 2 15 1 3 11 1 3 12 1 3 17 1 4 11 1 4 13 2 5 12 1 5 14 1 5 15 1 6 13 1 6 16 1 6 17 1 7 10 2 8 15 1 9 16 1 11 17 1 12 14 1
18 25  0 7 1 0 12 1 0 13 1 1 8 1 1 12 1 1 15 1 2 9 2 2 16 1 3 10 1 3 14 1 3 17 1 4 10 1 4 14 1 4 17 1 5 11 2 5 13 1 6 11 1 6 15 1 6 17 1 7 13 1 7 14 1 8 15 1 8 16 1 9 16 1 10 12 1
18 25  0 7 1 0 10 1 0 17 1 1 8 1 1 15 1 1 16 1 2 9 2 2 16 1 3 11 1 3 12 1 3 13 1 4 11 1 4 13 1 4 14 1 5 12 1 5 13 1 5 14 1 6 14 1 6 15 1 6 17 1 7 10 2 8 15 1 8 17 1 9 16 1 11 12 1
18 25  0 8 2 0 16 1 1 9 1 1 10 2 2 9 1 2 12 1 2 13 1 3 10 1 3 15 1 3 17 1 4 11 1 4 13 1 4 14 1 5 11 1 5 14 1 5 17 1 6 12 1 6 15 1 6 16 1 7 13 1 7 14 1 7 15 1 8 16 1 9 17 1 11 12 1
18 25  0 7 1 0 13 1 0 14 1 1 8 1 1 14 1 1 15 1 2 9 2 2 16 1 3 10 2 3 11 1 4 10 1 4 12 1 4 13 1 5 11 1 5 12 1 5 14 1 6 12 1 6 15 1 6 16 1 7 13 1 7 17 1 8 15 1 8 17 1 9 16 1 11 17 1
18 26  0 8 2 0 16 1 1 9 1 1 11 1 1 12 1 2 9 1 2 13 1 2 14 1 3 10 1 3 14 1 3 17 1 4 10 1 4 15 1 4 17 1 5 11 1 5 12 1 5 15 1 6 11 1 6 12 1 6 17 1 7 13 1 7 14 1 7 15 1 8 16 1 9 13 1 10 16 1
18 26  0 7 1 0 13 1 0 14 1 1 8 1 1 14 1 1 17 1 2 9 2 2 16 1 3 10 1 3 11 1 3 12 1 4 10 1 4 11 1 4 12 1 5 12 1 5 13 1 5 17 1 6 13 1 6 14 1 6 15 1 7 15 1 7 17 1 8 15 1 8 16 1 9 16 1 10 11 1
18 23  0 8 2 0 14 1 1 9 2 1 16 1 2 10 1 2 13 1 2 14 1 3 10 1 3 15 1 3 17 1 4 11 1 4 13 1 4 17 1 5 11 2 5 14 1 6 12 1 6 15 1 6 17 1 7 12 2 7 16 1 8 15 1 9 16 1 10 13 1
18 24  0 7 1 0 12 1 0 13 1 1 8 2 1 13 1 2 9 2 2 16 1 3 10 1 3 11 1 3 16 1 4 10 1 4 11 2 5 12 1 5 14 1 5 17 1 6 14 1 6 15 1 6 17 1 7 13 1 7 14 1 8 15 1 9 16 1 10 17 1 12 15 1
18 26  0 7 1 0 10 1 0 16 1 1 8 1 1 12 1 1 14 1 2 9 1 2 16 1 2 17 1 3 11 1 3 12 1 3 13 1 4 11 1 4 12 1 4 13 1 5 11 1 5 14 1 5 15 1 6 14 1 6 15 1 6 17 1 7 10 2 8 13 1 8 15 1 9 16 1 9 17 1
18 25  0 7 1 0 12 1 0 13 1 1 8 1 1 12 1 1 13 1 2 9 2 2 15 1 3 10 1 3 11 2 4 10 1 4 16 1 4 17 1 5 11 1 5 16 1 5 17 1 6 14 1 6 15 1 6 16 1 7 12 1 7 14 1 8 13 1 8 14 1 9 15 1 10 17 1
18 24  0 7 2 0 10 1 1 8 1 1 11 1 1 13 1 2 9 2 2 16 1 3 10 1 3 12 1 3 17 1 4 11 1 4 13 1 4 14 1 5 12 2 5 15 1 6 13 1 6 14 1 6 15 1 7 15 1 8 14 1 8 16 1 9 16 1 10 17 1 11 17 1
18 23  0 8 1 0 13 1 0 14 1 1 9 2 1 15 1 2 10 1 2 13 1 2 15 1 3 10 2 3 13 1 4 11 2 4 14 1 5 11 1 5 16 1 5 17 1 6 12 1 6 14 1 6 17 1 7 12 2 7 16 1 8 16 1 8 17 1 9 15 1
18 25  0 7 1 0 12 1 0 14 1 1 8 1 1 14 1 1 17 1 2 9 2 2 16 1 3 10 1 3 12 1 3 13 1 4 10 1 4 13 1 4 15 1 5 11 1 5 13 1 5 17 1 6 11 2 6 15 1 7 14 1 7 17 1 8 15 1 8 16 1 9 16 1 10 12 1
18 25  0 6 1 0 11 1 0 17 1 1 7 1 1 12 1 1 14 1 2 8 1 2 12 1 2 13 1 3 9 1 3 14 1 3 15 1 4 10 2 4 16 1 5 12 1 5 13 1 5 15 1 6 11 2 7 13 1 7 17 1 8 14 1 8 17 1 9 15 1 9 16 1 10 16 1
18 26  0 7 1 0 12 1 0 17 1 1 8 2 1 16 1 2 9 1 2 10 1 2 13 1 3 9 1 3 14 1 3 15 1 4 10 1 4 13 1 4 17 1 5 11 1 5 12 1 5 13 1 6 11 1 6 14 1 6 15 1 7 15 1 7 16 1 8 16 1 9 12 1 10 17 1 11 14 1
18 25  0 8 1 0 11 1 0 12 1 1 9 2 1 15 1 2 10 1 2 16 1 2 17 1 3 10 2 3 16 1 4 11 1 4 13 1 4 14 1 5 12 1 5 13 1 5 14 1 6 12 1 6 16 1 6 17 1 7 13 1 7 14 1 7 15 1 8 11 1 8 17 1 9 15 1
18 23  0 8 2 0 13 1 1 9 2 1 16 1 2 10 2 2 11 1 3 10 1 3 13 1 3 14 1 4 11 1 4 15 1 4 16 1 5 12 1 5 14 1 5 17 1 6 12 2 6 15 1 7 13 1 7 15 1 7 17 1 8 14 1 9 16 1 11 17 1
18 25  0 7 1 0 10 2 1 8 1 1 13 1 1 14 1 2 9 2 2 16 1 3 10 1 3 12 1 3 13 1 4 11 1 4 12 1 4 15 1 5 11 1 5 15 1 5 16 1 6 12 1 6 13 1 6 17 1 7 14 1 7 17 1 8 14 1 8 15 1 9 16 1 11 17 1
18 26  0 7 1 0 11 1 0 12 1 1 8 1 1 12 1 1 17 1 2 9 2 2 16 1 3 10 1 3 12 1 3 13 1 4 10 1 4 15 1 4 16 1 5 11 1 5 13 1 5 17 1 6 13 1 6 14 1 6 15 1 7 11 1 7 14 1 8 14 1 8 15 1 9 16 1 10 17 1
18 24  0 7 1 0 12 2 1 8 1 1 13 1 1 15 1 2 9 2 2 15 1 3 10 1 3 11 1 3 14 1 4 10 1 4 13 1 4 14 1 5 11 2 5 16 1 6 12 1 6 14 1 6 17 1 7 16 1 7 17 1 8 16 1 8 17 1 9 15 1 10 13 1
18 24  0 7 1 0 10 1 0 13 1 1 8 2 1 14 1 2 9 2 2 15 1 3 11 2 3 13 1 4 11 1 4 16 1 4 17 1 5 12 1 5 16 1 5 17 1 6 12 1 6 16 1 6 17 1 7 10 1 7 13 1 8 14 1 9 15 1 10 15 1 12 14 1
18 24  0 8 2 0 16 1 1 9 1 1 10 2 2 9 1 2 11 1 2 17 1 3 10 1 3 13 1 3 15 1 4 11 2 4 15 1 5 12 1 5 13 1 5 14 1 6 12 1 6 14 1 6 15 1 7 13 1 7 14 1 7 16 1 8 16 1 9 17 1 12 17 1
18 24  0 8 2 0 16 1 1 9 1 1 10 1 1 13 1 2 9 1 2 13 1 2 17 1 3 10 1 3 13 1 3 14 1 4 11 2 4 14 1 5 11 1 5 15 1 5 16 1 6 12 1 6 15 1 6 17 1 7 12 2 7 15 1 8 16 1 9 14 1 10 17 1
18 26  0 7 1 0 14 1 0 17 1 1 8 1 1 15 1 1 16 1 2 9 2 2 16 1 3 10 1 3 12 1 3 13 1 4 10 1 4 12 1 4 14 1 5 11 1 5 12 1 5 13 1 6 11 1 6 13 1 6 14 1 7 15 1 7 17 1 8 15 1 8 17 1 9 16 1 10 11 1
18 25  0 7 1 0 10 1 0 17 1 1 8 1 1 13 1 1 17 1 2 9 2 2 16 1 3 11 1 3 12 1 3 13 1 4 11 1 4 12 1 4 13 1 5 12 1 5 15 1 5 16 1 6 14 1 6 15 1 6 17 1 7 10 2 8 14 1 8 15 1 9 16 1 11 14 1
18 24  0 7 1 0 11 2 1 8 2 1 16 1 2 9 1 2 10 1 2 17 1 3 9 1 3 10 2 4 11 1 4 12 1 4 14 1 5 12 1 5 13 1 5 15 1 6 13 1 6 14 1 6 16 1 7 15 1 7 17 1 8 16 1 9 17 1 12 14 1 13 15 1
18 25  0 6 1 0 11 2 1 7 1 1 12 1 1 13 1 2 8 1 2 12 1 2 15 1 3 9 1 3 13 1 3 14 1 4 10 2 4 16 1 5 11 1 5 14 1 5 17 1 6 15 1 6 17 1 7 12 1 7 13 1 8 14 1 8 16 1 9 15 1 9 17 1 10 16 1
18 26  0 6 1 0 10 1 0 12 1 1 7 1 1 12 1 1 17 1 2 8 1 2 13 1 2 14 1 3 9 2 3 16 1 4 10 1 4 11 1 4 13 1 5 13 1 5 15 1 5 17 1 6 11 1 6 12 1 7 14 1 7 16 1 8 15 1 8 17 1 9 16 1 10 14 1 11 15 1
18 25  0 7 1 0 10 1 0 12 1 1 8 1 1 13 1 1 14 1 2 9 2 2 16 1 3 10 1 3 12 1 3 13 1 4 11 2 4 12 1 5 11 1 5 15 1 5 17 1 6 14 1 6 15 1 6 17 1 7 14 1 7 15 1 8 13 1 8 17 1 9 16 1 10 16 1
18 26  0 7 1 0 11 1 0 12 1 1 8 2 1 16 1 2 9 1 2 10 1 2 16 1 3 9 1 3 14 1 3 15 1 4 10 1 4 15 1 4 17 1 5 11 1 5 12 1 5 13 1 6 13 1 6 14 1 6 17 1 7 13 1 7 14 1 8 16 1 9 15 1 10 17 1 11 12 1
18 24  0 7 1 0 10 1 0 13 1 1 8 1 1 14 1 1 15 1 2 9 2 2 16 1 3 11 2 3 13 1 4 11 1 4 15 1 4 17 1 5 12 1 5 13 1 5 17 1 6 12 2 6 15 1 7 10 1 7 14 1 8 14 1 8 16 1 9 16 1 10 17 1
18 24  0 7 1 0 10 1 0 17 1 1 8 1 1 11 1 1 13 1 2 9 2 2 16 1 3 11 1 3 14 1 3 15 1 4 12 1 4 14 1 4 17 1 5 12 2 5 15 1 6 13 1 6 14 1 6 16 1 7 10 2 8 15 1 8 17 1 9 16 1 11 13 1
18 25  0 6 1 0 10 1 0 13 1 1 7 1 1 11 1 1 14 1 2 8 1 2 13 1 2 17 1 3 9 2 3 16 1 4 12 1 4 15 1 4 17 1 5 12 2 5 15 1 6 10 1 6 13 1 7 11 1 7 14 1 8 14 1 8 16 1 9 16 1 10 15 1 11 17 1
18 25  0 7 1 0 9 1 0 13 1 1 8 2 1 16 1 2 10 1 2 11 1 2 17 1 3 10 1 3 11 2 4 12 1 4 13 1 4 15 1 5 12 1 5 14 1 5 15 1 6 14 1 6 15 1 6 16 1 7 9 1 7 13 1 8 16 1 9 17 1 10 17 1 12 14 1
18 25  0 7 1 0 11 1 0 12 1 1 8 1 1 12 1 1 13 1 2 9 2 2 15 1 3 10 2 3 16 1 4 11 1 4 13 1 4 14 1 5 11 1 5 14 1 5 17 1 6 12 1 6 15 1 6 17 1 7 15 1 7 17 1 8 13 1 8 14 1 9 16 1 10 16 1
18 23  0 8 2 0 14 1 1 9 2 1 16 1 2 10 1 2 11 2 3 10 1 3 14 1 3 17 1 4 11 1 4 15 1 4 17 1 5 12 1 5 13 1 5 17 1 6 12 2 6 13 1 7 14 1 7 15 1 7 16 1 8 15 1 9 16 1 10 13 1
18 25  0 8 2 0 16 1 1 9 1 1 12 1 1 13 1 2 9 1 2 13 1 2 14 1 3 10 1 3 12 1 3 15 1 4 10 1 4 15 1 4 17 1 5 11 2 5 14 1 6 11 1 6 16 1 6 17 1 7 12 1 7 13 1 7 14 1 8 16 1 9 15 1 10 17 1
18 24  0 7 1 0 10 1 0 13 1 1 8 2 1 14 1 2 9 2 2 16 1 3 10 1 3 11 1 3 14 1 4 11 1 4 13 1 4 17 1 5 12 2 5 15 1 6 12 1 6 16 1 6 17 1 7 14 1 7 15 1 8 15 1 9 16 1 10 13 1 11 17 1
18 22  0 7 1 0 11 1 0 14 1 1 8 2 1 12 1 2 9 2 2 14 1 3 10 2 3 16 1 4 11 1 4 13 1 4 17 1 5 12 2 5 15 1 6 13 2 6 15 1 7 14 1 7 17 1 8 16 1 9 15 1 10 16 1 11 17 1
18 26  0 7 1 0 11 1 0 12 1 1 8 1 1 13 1 1 16 1 2 9 2 2 16 1 3 10 1 3 13 1 3 14 1 4 10 1 4 15 1 4 17 1 5 11 1 5 12 1 5 13 1 6 12 1 6 15 1 6 17 1 7 11 1 7 14 1 8 14 1 8 17 1 9 16 1 10 15 1
18 25  0 7 1 0 10 1 0 17 1 1 8 1 1 13 1 1 14 1 2 9 2 2 16 1 3 11 1 3 12 1 3 13 1 4 11 1 4 12 1 4 15 1 5 14 1 5 15 1 5 17 1 6 14 1 6 15 1 6 17 1 7 10 2 8 13 1 8 16 1 9 16 1 11 12 1
18 24  0 7 1 0 12 1 0 13 1 1 8 1 1 13 1 1 17 1 2 9 2 2 14 1 3 10 2 3 15 1 4 11 1 4 16 1 4 17 1 5 11 2 5 16 1 6 12 1 6 14 1 6 17 1 7 12 1 7 13 1 8 14 1 8 15 1 9 16 1 10 15 1
18 23  0 8 2 0 16 1 1 9 1 1 10 1 1 15 1 2 9 1 2 11 2 3 10 1 3 12 2 4 11 1 4 15 1 4 17 1 5 12 1 5 14 1 5 15 1 6 13 2 6 14 1 7 13 1 7 16 1 7 17 1 8 16 1 9 14 1 10 17 1
18 22  0 7 1 0 11 2 1 8 1 1 12 1 1 14 1 2 9 2 2 14 1 3 10 2 3 16 1 4 11 1 4 13 1 4 17 1 5 12 2 5 15 1 6 13 2 6 15 1 7 16 1 7 17 1 8 15 1 8 17 1 9 14 1 10 16 1
18 26  0 6 1 0 10 1 0 12 1 1 7 1 1 11 1 1 17 1 2 8 1 2 12 1 2 13 1 3 9 2 3 16 1 4 10 1 4 15 1 4 17 1 5 11 1 5 13 1 5 14 1 6 15 1 6 17 1 7 14 1 7 15 1 8 13 1 8 14 1 9 16 1 10 12 1 11 16 1
18 24  0 7 1 0 13 1 0 14 1 1 8 2 1 14 1 2 9 2 2 15 1 3 10 2 3 16 1 4 11 1 4 12 1 4 17 1 5 11 1 5 13 1 5 17 1 6 12 1 6 14 1 6 17 1 7 13 1 7 15 1 8 16 1 9 15 1 10 16 1 11 12 1
18 23  0 7 1 0 10 1 0 14 1 1 8 1 1 11 1 1 17 1 2 9 2 2 16 1 3 10 2 3 12 1 4 11 2 4 13 1 5 12 2 5 14 1 6 13 1 6 14 1 6 15 1 7 15 1 7 16 1 8 15 1 8 17 1 9 16 1 13 17 1
18 23  0 8 2 0 13 1 1 9 2 1 16 1 2 10 1 2 11 1 2 17 1 3 10 1 3 13 1 3 17 1 4 11 2 4 14 1 5 12 1 5 15 1 5 17 1 6 12 2 6 15 1 7 13 1 7 14 1 7 15 1 8 14 1 9 16 1 10 16 1
18 24  0 8 1 0 12 1 0 13 1 1 9 2 1 15 1 2 10 1 2 13 1 2 17 1 3 10 2 3 16 1 4 11 2 4 14 1 5 11 1 5 16 1 5 17 1 6 12 1 6 14 1 6 15 1 7 12 1 7 16 1 7 17 1 8 13 1 8 14 1 9 15 1
18 24  0 8 2 0 16 1 1 9 1 1 10 2 2 9 2 2 14 1 3 10 1 3 15 1 3 17 1 4 11 1 4 14 1 4 17 1 5 11 1 5 15 1 5 16 1 6 12 1 6 13 1 6 14 1 7 12 1 7 13 1 7 17 1 8 16 1 11 13 1 12 15 1
18 24  0 7 1 0 12 1 0 13 1 1 8 1 1 12 1 1 17 1 2 9 2 2 13 1 3 10 2 3 16 1 4 11 2 4 14 1 5 11 1 5 15 1 5 17 1 6 12 1 6 15 1 6 16 1 7 13 1 7 14 1 8 15 1 8 17 1 9 14 1 10 16 1
18 24  0 7 1 0 12 2 1 8 2 1 15 1 2 9 2 2 16 1 3 10 1 3 11 1 3 17 1 4 10 1 4 13 1 4 14 1 5 11 1 5 13 1 5 14 1 6 12 1 6 13 1 6 17 1 7 14 1 7 17 1 8 16 1 9 16 1 10 15 1 11 15 1
18 26  0 6 1 0 10 1 0 12 1 1 7 1 1 12 1 1 13 1 2 8 1 2 13 1 2 16 1 3 9 2 3 16 1 4 10 1 4 11 1 4 15 1 5 11 1 5 12 1 5 17 1 6 14 1 6 17 1 7 14 1 7 15 1 8 15 1 8 17 1 9 16 1 10 13 1 11 14 1
18 25  0 7 1 0 12 1 0 13 1 1 8 1 1 13 1 1 14 1 2 9 2 2 16 1 3 10 1 3 12 1 3 13 1 4 10 1 4 14 1 4 15 1 5 11 1 5 15 1 5 17 1 6 11 2 6 15 1 7 12 1 7 16 1 8 14 1 8 17 1 9 16 1 10 17 1
18 23  0 8 2 0 13 1 1 9 2 1 15 1 2 10 1 2 11 1 2 17 1 3 10 1 3 14 1 3 15 1 4 11 2 4 13 1 5 12 2 5 14 1 6 12 1 6 16 1 6 17 1 7 14 1 7 16 1 7 17 1 8 16 1 9 15 1 10 13 1
18 26  0 7 1 0 10 1 0 16 1 1 8 1 1 11 1 1 12 1 2 9 1 2 16 1 2 17 1 3 11 1 3 15 1 3 17 1 4 12 1 4 13 1 4 14 1 5 12 1 5 14 1 5 15 1 6 13 1 6 14 1 6 15 1 7 10 2 8 11 1 8 13 1 9 16 1 9 17 1
18 24  0 7 2 0 12 1 1 8 1 1 13 1 1 14 1 2 9 2 2 16 1 3 10 1 3 11 1 3 17 1 4 10 1 4 14 1 4 17 1 5 11 2 5 15 1 6 12 1 6 14 1 6 15 1 7 15 1 8 13 1 8 17 1 9 16 1 10 13 1 12 16 1
18 26  0 7 1 0 12 1 0 13 1 1 8 1 1 13 1 1 16 1 2 9 2 2 16 1 3 10 1 3 11 1 3 12 1 4 10 1 4 13 1 4 14 1 5 11 1 5 12 1 5 15 1 6 11 1 6 14 1 6 17 1 7 14 1 7 15 1 8 15 1 8 17 1 9 16 1 10 17 1
18 25  0 7 1 0 10 1 0 17 1 1 8 1 1 12 1 1 13 1 2 9 2 2 16 1 3 11 1 3 12 1 3 14 1 4 11 1 4 13 1 4 14 1 5 12 1 5 15 1 5 17 1 6 13 1 6 15 1 6 17 1 7 10 2 8 14 1 8 16 1 9 16 1 11 15 1
18 25  0 7 2 0 10 1 1 8 1 1 12 1 1 16 1 2 9 2 2 16 1 3 10 1 3 14 1 3 17 1 4 11 1 4 12 1 4 13 1 5 11 1 5 13 1 5 14 1 6 13 1 6 14 1 6 15 1 7 15 1 8 15 1 8 17 1 9 16 1 10 17 1 11 12 1
18 24  0 8 2 0 16 1 1 9 2 1 10 1 2 9 1 2 14 1 2 15 1 3 10 1 3 14 1 3 17 1 4 11 1 4 13 1 4 14 1 5 11 1 5 15 1 5 16 1 6 12 2 6 13 1 7 12 1 7 15 1 7 17 1 8 16 1 10 17 1 11 13 1
18 25  0 7 1 0 12 1 0 13 1 1 8 1 1 14 1 1 15 1 2 9 2 2 16 1 3 10 1 3 11 2 4 10 1 4 13 1 4 14 1 5 11 1 5 15 1 5 17 1 6 12 1 6 14 1 6 17 1 7 12 1 7 13 1 8 15 1 8 16 1 9 16 1 10 17 1
18 25  0 7 1 0 12 1 0 13 1 1 8 1 1 13 1 1 15 1 2 9 2 2 16 1 3 10 1 3 11 2 4 10 1 4 13 1 4 14 1 5 11 1 5 15 1 5 17 1 6 12 1 6 15 1 6 16 1 7 14 1 7 17 1 8 14 1 8 17 1 9 16 1 10 12 1
18 24  0 8 1 0 13 1 0 17 1 1 9 2 1 15 1 2 10 1 2 12 1 2 15 1 3 10 2 3 16 1 4 11 2 4 14 1 5 11 1 5 16 1 5 17 1 6 12 1 6 13 1 6 14 1 7 12 1 7 13 1 7 14 1 8 16 1 8 17 1 9 15 1
18 24  0 7 2 0 11 1 1 8 2 1 16 1 2 9 1 2 10 1 2 14 1 3 9 1 3 10 1 3 17 1 4 11 2 4 12 1 5 12 1 5 13 1 5 16 1 6 13 1 6 14 1 6 15 1 7 15 1 8 16 1 9 14 1 10 17 1 12 17 1 13 15 1
18 25  0 6 1 0 11 2 1 7 1 1 12 1 1 13 1 2 8 1 2 12 1 2 15 1 3 9 1 3 13 1 3 14 1 4 10 2 4 16 1 5 11 1 5 12 1 5 13 1 6 15 1 6 17 1 7 14 1 7 17 1 8 14 1 8 17 1 9 15 1 9 16 1 10 16 1
18 24  0 7 1 0 12 1 0 14 1 1 8 1 1 12 1 1 13 1 2 9 2 2 15 1 3 10 2 3 16 1 4 11 2 4 14 1 5 11 1 5 16 1 5 17 1 6 12 1 6 13 1 6 17 1 7 13 1 7 17 1 8 14 1 8 15 1 9 15 1 10 16 1
18 25  0 8 1 0 11 1 0 12 1 1 9 2 1 16 1 2 10 2 2 12 1 3 10 1 3 14 1 3 17 1 4 11 1 4 13 1 4 14 1 5 11 1 5 15 1 5 17 1 6 12 1 6 13 1 6 14 1 7 13 1 7 15 1 7 17 1 8 15 1 8 16 1 9 16 1
18 24  0 8 2 0 14 1 1 9 2 1 16 1 2 10 1 2 11 2 3 10 1 3 12 1 3 13 1 4 11 1 4 13 1 4 17 1 5 12 1 5 13 1 5 14 1 6 12 1 6 15 1 6 16 1 7 14 1 7 15 1 7 17 1 8 15 1 9 16 1 10 17 1
18 25  0 7 1 0 10 1 0 17 1 1 8 1 1 12 1 1 13 1 2 9 2 2 16 1 3 11 1 3 13 1 3 14 1 4 11 1 4 13 1 4 14 1 5 12 1 5 15 1 5 17 1 6 14 1 6 15 1 6 16 1 7 10 2 8 15 1 8 17 1 9 16 1 11 12 1
18 25  0 8 1 0 13 1 0 17 1 1 9 2 1 16 1 2 10 1 2 15 1 2 17 1 3 10 2 3 15 1 4 11 1 4 12 1 4 13 1 5 11 1 5 12 1 5 13 1 6 11 1 6 12 1 6 14 1 7 14 1 7 15 1 7 16 1 8 14 1 8 17 1 9 16 1
18 26  0 6 1 0 10 1 0 12 1 1 7 1 1 11 1 1 16 1 2 8 1 2 14 1 2 17 1 3 9 2 3 16 1 4 11 1 4 12 1 4 13 1 5 13 1 5 14 1 5 15 1 6 10 1 6 12 1 7 13 1 7 14 1 8 15 1 8 17 1 9 16 1 10 15 1 11 17 1
18 24  0 7 1 0 13 1 0 14 1 1 8 1 1 13 1 1 14 1 2 9 2 2 16 1 3 10 1 3 11 2 4 10 1 4 12 1 4 17 1 5 11 1 5 15 1 5 16 1 6 12 2 6 15 1 7 13 1 7 15 1 8 14 1 8 17 1 9 16 1 10 17 1
18 24  0 8 2 0 13 1 1 9 2 1 16 1 2 10 1 2 12 1 2 13 1 3 10 1 3 12 1 3 15 1 4 11 1 4 15 1 4 17 1 5 11 2 5 15 1 6 12 1 6 14 1 6 17 1 7 13 1 7 16 1 7 17 1 8 14 1 9 16 1 10 14 1
18 24  0 8 2 0 14 1 1 9 2 1 16 1 2 10 1 2 11 2 3 10 1 3 13 1 3 16 1 4 11 1 4 15 1 4 17 1 5 12 1 5 13 1 5 14 1 6 12 1 6 13 1 6 17 1 7 12 1 7 14 1 7 17 1 8 15 1 9 16 1 10 15 1
18 24  0 8 2 0 16 1 1 9 1 1 10 1 1 15 1 2 9 1 2 13 1 2 14 1 3 10 2 3 14 1 4 11 1 4 13 1 4 17 1 5 11 1 5 14 1 5 16 1 6 12 1 6 15 1 6 17 1 7 12 2 7 15 1 8 16 1 9 13 1 11 17 1
18 24  0 7 1 0 14 1 0 15 1 1 8 2 1 14 1 2 9 2 2 16 1 3 10 1 3 11 1 3 13 1 4 10 1 4 12 1 4 17 1 5 11 1 5 13 1 5 17 1 6 12 2 6 15 1 7 14 1 7 16 1 8 15 1 9 16 1 10 13 1 11 17 1
18 25  0 7 1 0 10 1 0 12 1 1 8 1 1 12 1 1 17 1 2 9 2 2 16 1 3 11 1 3 13 1 3 17 1 4 11 2 4 14 1 5 13 1 5 14 1 5 15 1 6 13 1 6 14 1 6 15 1 7 10 1 7 12 1 8 15 1 8 17 1 9 16 1 10 16 1
18 24  0 7 1 0 10 2 1 8 2 1 15 1 2 9 2 2 16 1 3 10 1 3 11 1 3 17 1 4 11 1 4 14 1 4 15 1 5 12 1 5 13 1 5 14 1 6 12 1 6 13 1 6 14 1 7 16 1 7 17 1 8 15 1 9 16 1 11 17 1 12 13 1
18 23  0 8 2 0 15 1 1 9 2 1 16 1 2 10 1 2 13 1 2 14 1 3 10 1 3 14 1 3 17 1 4 11 2 4 13 1 5 11 1 5 15 1 5 17 1 6 12 1 6 14 1 6 17 1 7 12 2 7 16 1 8 15 1 9 16 1 10 13 1
18 24  0 8 2 0 16 1 1 9 1 1 10 2 2 9 1 2 13 1 2 14 1 3 10 1 3 13 1 3 17 1 4 11 1 4 14 1 4 17 1 5 11 1 5 15 1 5 16 1 6 12 2 6 14 1 7 12 1 7 15 1 7 17 1 8 16 1 9 15 1 11 13 1
18 25  0 7 1 0 10 2 1 8 1 1 13 1 1 16 1 2 9 2 2 16 1 3 10 1 3 12 1 3 17 1 4 11 1 4 12 1 4 13 1 5 11 1 5 14 1 5 15 1 6 13 1 6 14 1 6 15 1 7 15 1 7 17 1 8 14 1 8 17 1 9 16 1 11 12 1
18 26  0 7 1 0 10 1 0 16 1 1 8 1 1 11 1 1 12 1 2 9 2 2 16 1 3 10 1 3 12 1 3 13 1 4 11 1 4 14 1 4 15 1 5 12 1 5 15 1 5 17 1 6 14 1 6 15 1 6 17 1 7 13 1 7 14 1 8 11 1 8 13 1 9 16 1 10 17 1
18 24  0 7 1 0 12 2 1 8 1 1 13 1 1 15 1 2 9 2 2 16 1 3 10 1 3 11 2 4 10 1 4 13 1 4 14 1 5 11 1 5 14 1 5 15 1 6 12 1 6 14 1 6 16 1 7 15 1 7 17 1 8 13 1 8 17 1 9 16 1 10 17 1
18 24  0 8 2 0 16 1 1 9 1 1 10 2 2 9 1 2 14 1 2 15 1 3 10 1 3 15 1 3 17 1 4 11 1 4 13 1 4 14 1 5 11 1 5 13 1 5 14 1 6 12 2 6 13 1 7 12 1 7 16 1 7 17 1 8 16 1 9 17 1 11 15 1
18 23  0 7 1 0 11 1 0 13 1 1 8 2 1 13 1 2 9 2 2 14 1 3 10 2 3 16 1 4 11 1 4 14 1 4 15 1 5 12 1 5 14 1 5 17 1 6 12 2 6 15 1 7 13 1 7 17 1 8 16 1 9 15 1 10 16 1 11 17 1
18 25  0 7 1 0 12 1 0 15 1 1 8 1 1 12 1 1 13 1 2 9 2 2 16 1 3 10 1 3 13 1 3 14 1 4 10 1 4 14 1 4 17 1 5 11 2 5 15 1 6 11 1 6 16 1 6 17 1 7 13 1 7 17 1 8 14 1 8 15 1 9 16 1 10 12 1
18 24  0 8 2 0 15 1 1 9 2 1 16 1 2 10 1 2 12 1 2 13 1 3 10 1 3 13 1 3 14 1 4 11 2 4 13 1 5 11 1 5 16 1 5 17 1 6 12 1 6 14 1 6 15 1 7 12 1 7 14 1 7 17 1 8 15 1 9 16 1 10 17 1
18 22  0 8 1 0 12 1 0 17 1 1 9 2 1 16 1 2 10 2 2 11 1 3 10 1 3 14 1 3 15 1 4 11 2 4 16 1 5 12 2 5 14 1 6 13 2 6 14 1 7 13 1 7 15 1 7 17 1 8 15 1 8 17 1 9 16 1
18 24  0 7 1 0 10 1 0 13 1 1 8 1 1 11 1 1 17 1 2 9 2 2 15 1 3 11 2 3 13 1 4 12 1 4 16 1 4 17 1 5 12 2 5 16 1 6 14 1 6 15 1 6 16 1 7 10 1 7 13 1 8 14 1 8 17 1 9 15 1 10 14 1
18 24  0 7 1 0 10 2 1 8 1 1 11 1 1 13 1 2 9 2 2 16 1 3 10 1 3 12 1 3 17 1 4 11 1 4 13 1 4 14 1 5 12 2 5 15 1 6 14 1 6 15 1 6 16 1 7 15 1 7 17 1 8 13 1 8 17 1 9 16 1 11 14 1
18 22  0 7 2 0 11 1 1 8 1 1 12 2 2 9 2 2 14 1 3 10 2 3 15 1 4 11 1 4 13 2 5 12 1 5 15 1 5 17 1 6 13 1 6 14 1 6 15 1 7 16 1 8 16 1 8 17 1 9 14 1 10 16 1 11 17 1
18 25  0 7 1 0 12 1 0 14 1 1 8 1 1 14 1 1 15 1 2 9 2 2 16 1 3 10 1 3 12 1 3 13 1 4 10 1 4 13 1 4 17 1 5 11 2 5 14 1 6 11 1 6 15 1 6 17 1 7 13 1 7 17 1 8 15 1 8 16 1 9 16 1 10 12 1
18 26  0 7 1 0 11 1 0 17 1 1 8 1 1 12 1 1 13 1 2 9 2 2 16 1 3 10 1 3 11 1 3 12 1 4 10 1 4 15 1 4 16 1 5 11 1 5 13 1 5 15 1 6 12 1 6 14 1 6 15 1 7 13 1 7 14 1 8 14 1 8 17 1 9 16 1 10 17 1
18 24  0 7 1 0 10 1 0 13 1 1 8 1 1 11 2 2 9 2 2 16 1 3 10 1 3 13 1 3 14 1 4 11 1 4 14 1 4 17 1 5 12 1 5 15 1 5 17 1 6 12 2 6 16 1 7 13 1 7 15 1 8 15 1 8 17 1 9 16 1 10 14 1
18 25  0 8 2 0 16 1 1 9 1 1 10 1 1 17 1 2 9 1 2 14 1 2 15 1 3 10 2 3 14 1 4 11 1 4 12 1 4 13 1 5 11 1 5 12 1 5 13 1 6 12 1 6 15 1 6 17 1 7 13 1 7 15 1 7 17 1 8 16 1 9 16 1 11 14 1
18 22  0 7 1 0 11 1 0 14 1 1 8 2 1 12 1 2 9 2 2 14 1 3 10 2 3 16 1 4 11 2 4 13 1 5 12 2 5 14 1 6 13 1 6 15 1 6 17 1 7 15 1 7 17 1 8 15 1 9 16 1 10 16 1 13 17 1
18 24  0 8 2 0 16 1 1 9 1 1 10 1 1 17 1 2 9 1 2 14 1 2 15 1 3 10 2 3 15 1 4 11 1 4 13 1 4 14 1 5 11 1 5 13 1 5 17 1 6 12 2 6 14 1 7 12 1 7 15 1 7 17 1 8 16 1 9 16 1 11 13 1
18 24  0 7 1 0 10 1 0 13 1 1 8 2 1 13 1 2 9 2 2 16 1 3 11 2 3 12 1 4 11 1 4 14 1 4 17 1 5 12 1 5 15 1 5 16 1 6 14 1 6 15 1 6 17 1 7 10 1 7 13 1 8 15 1 9 16 1 10 14 1 12 17 1
18 24  0 7 2 0 12 1 1 8 1 1 15 1 1 17 1 2 9 2 2 16 1 3 10 1 3 11 1 3 13 1 4 10 1 4 14 1 4 17 1 5 11 1 5 13 1 5 14 1 6 12 2 6 14 1 7 16 1 8 15 1 8 17 1 9 16 1 10 13 1 11 15 1
18 25  0 7 1 0 11 1 0 13 1 1 8 2 1 16 1 2 9 1 2 10 1 2 17 1 3 9 1 3 14 1 3 15 1 4 10 2 4 15 1 5 11 1 5 12 1 5 14 1 6 12 1 6 13 1 6 17 1 7 14 1 7 15 1 8 16 1 9 17 1 11 13 1 12 16 1
18 25  0 7 1 0 12 1 0 13 1 1 8 1 1 13 1 1 17 1 2 9 2 2 16 1 3 10 1 3 13 1 3 14 1 4 10 1 4 15 1 4 16 1 5 11 1 5 15 1 5 17 1 6 11 2 6 15 1 7 12 1 7 14 1 8 14 1 8 17 1 9 16 1 10 12 1
18 25  0 7 1 0 12 1 0 13 1 1 8 1 1 13 1 1 16 1 2 9 2 2 16 1 3 10 1 3 13 1 3 14 1 4 10 1 4 14 1 4 17 1 5 11 1 5 15 1 5 17 1 6 11 2 6 15 1 7 12 1 7 15 1 8 14 1 8 17 1 9 16 1 10 12 1
18 22  0 7 2 0 11 1 1 8 2 1 12 1 2 9 1 2 14 1 2 17 1 3 10 2 3 15 1 4 11 1 4 13 1 4 14 1 5 12 2 5 14 1 6 13 2 6 16 1 7 15 1 8 16 1 9 16 1 9 17 1 10 15 1 11 17 1
18 24  0 7 1 0 12 2 1 8 2 1 15 1 2 9 2 2 16 1 3 10 1 3 11 1 3 17 1 4 10 1 4 13 1 4 15 1 5 11 1 5 14 1 5 16 1 6 12 1 6 13 1 6 17 1 7 14 1 7 17 1 8 15 1 9 16 1 10 13 1 11 14 1
18 24  0 7 1 0 10 1 0 13 1 1 8 1 1 11 1 1 15 1 2 9 2 2 16 1 3 10 1 3 13 1 3 14 1 4 11 2 4 14 1 5 12 1 5 15 1 5 17 1 6 12 2 6 15 1 7 13 1 7 17 1 8 16 1 8 17 1 9 16 1 10 14 1
18 26  0 7 1 0 11 1 0 15 1 1 8 2 1 15 1 2 9 1 2 16 1 2 17 1 3 10 1 3 11 1 3 12 1 4 10 1 4 12 1 4 13 1 5 12 1 5 13 1 5 14 1 6 13 1 6 14 1 6 16 1 7 14 1 7 17 1 8 15 1 9 16 1 9 17 1 10 11 1
18 23  0 8 2 0 12 1 1 9 2 1 16 1 2 10 2 2 11 1 3 10 1 3 13 1 3 14 1 4 11 1 4 15 1 4 17 1 5 12 2 5 15 1 6 13 1 6 14 1 6 15 1 7 13 1 7 14 1 7 17 1 8 16 1 9 16 1 11 17 1
18 22  0 8 2 0 12 1 1 9 2 1 16 1 2 10 1 2 11 1 2 17 1 3 10 2 3 15 1 4 11 2 4 15 1 5 12 1 5 14 1 5 15 1 6 13 2 6 14 1 7 13 1 7 16 1 7 17 1 8 14 1 9 16 1 12 17 1
18 24  0 8 1 0 12 1 0 13 1 1 9 2 1 16 1 2 10 1 2 13 1 2 15 1 3 10 2 3 15 1 4 11 2 4 15 1 5 11 1 5 16 1 5 17 1 6 12 1 6 13 1 6 14 1 7 12 1 7 14 1 7 17 1 8 14 1 8 17 1 9 16 1
18 25  0 8 2 0 16 1 1 9 1 1 10 1 1 16 1 2 9 1 2 12 1 2 13 1 3 10 1 3 13 1 3 14 1 4 11 2 4 14 1 5 11 1 5 15 1 5 17 1 6 12 1 6 13 1 6 14 1 7 12 1 7 15 1 7 17 1 8 16 1 9 17 1 10 15 1
18 26  0 7 1 0 11 1 0 12 1 1 8 1 1 12 1 1 13 1 2 9 2 2 16 1 3 10 1 3 14 1 3 17 1 4 10 1 4 15 1 4 17 1 5 11 1 5 14 1 5 15 1 6 12 1 6 13 1 6 14 1 7 11 1 7 15 1 8 13 1 8 17 1 9 16 1 10 16 1
18 24  0 7 1 0 10 1 0 13 1 1 8 1 1 11 2 2 9 2 2 16 1 3 10 1 3 13 1 3 15 1 4 11 1 4 13 1 4 17 1 5 12 1 5 15 1 5 17 1 6 12 2 6 15 1 7 14 1 7 17 1 8 14 1 8 16 1 9 16 1 10 14 1
18 23  0 8 2 0 14 1 1 9 2 1 16 1 2 10 2 2 11 1 3 10 1 3 13 1 3 14 1 4 11 2 4 14 1 5 12 1 5 15 1 5 17 1 6 12 1 6 15 1 6 17 1 7 13 1 7 15 1 7 17 1 8 16 1 9 16 1 12 13 1
18 24  0 7 1 0 12 1 0 13 1 1 8 1 1 12 1 1 17 1 2 9 2 2 13 1 3 10 2 3 15 1 4 11 1 4 16 1 4 17 1 5 11 2 5 16 1 6 12 1 6 13 1 6 14 1 7 14 1 7 15 1 8 14 1 8 17 1 9 16 1 10 15 1
18 24  0 7 1 0 12 2 1 8 1 1 13 1 1 14 1 2 9 2 2 16 1 3 10 1 3 11 1 3 17 1 4 10 1 4 11 2 5 12 1 5 14 1 5 15 1 6 13 1 6 15 1 6 16 1 7 15 1 7 17 1 8 13 1 8 14 1 9 16 1 10 17 1
18 26  0 7 1 0 13 1 0 17 1 1 8 2 1 15 1 2 9 1 2 16 1 2 17 1 3 10 1 3 11 1 3 12 1 4 10 1 4 11 1 4 13 1 5 12 1 5 13 1 5 14 1 6 12 1 6 14 1 6 16 1 7 14 1 7 15 1 8 15 1 9 16 1 9 17 1 10 11 1
18 25  0 8 2 0 15 1 1 9 2 1 16 1 2 10 1 2 13 1 2 14 1 3 10 1 3 15 1 3 17 1 4 11 1 4 12 1 4 13 1 5 11 1 5 12 1 5 13 1 6 11 1 6 14 1 6 17 1 7 12 1 7 14 1 7 17 1 8 16 1 9 16 1 10 15 1
18 24  0 7 1 0 12 1 0 16 1 1 8 1 1 13 1 1 15 1 2 9 2 2 16 1 3 10 2 3 11 1 4 10 1 4 14 1 4 17 1 5 11 2 5 15 1 6 12 1 6 13 1 6 14 1 7 13 1 7 17 1 8 14 1 8 15 1 9 16 1 12 17 1
18 25  0 7 1 0 10 1 0 12 1 1 8 1 1 12 1 1 16 1 2 9 2 2 16 1 3 11 1 3 15 1 3 17 1 4 11 2 4 15 1 5 13 1 5 14 1 5 17 1 6 13 1 6 14 1 6 17 1 7 10 1 7 12 1 8 14 1 8 15 1 9 16 1 10 13 1
18 23  0 7 1 0 10 1 0 14 1 1 8 2 1 11 1 2 9 2 2 16 1 3 11 1 3 12 1 3 17 1 4 12 2 4 14 1 5 13 1 5 15 1 5 17 1 6 13 2 6 16 1 7 10 1 7 14 1 8 15 1 9 16 1 10 17 1 11 15 1
18 24  0 8 2 0 16 1 1 9 1 1 10 1 1 15 1 2 9 1 2 11 2 3 10 2 3 15 1 4 11 1 4 15 1 4 16 1 5 12 1 5 13 1 5 14 1 6 12 1 6 14 1 6 17 1 7 13 1 7 14 1 7 17 1 8 16 1 9 17 1 12 13 1
18 23  0 7 1 0 11 2 1 8 1 1 13 1 1 14 1 2 9 2 2 14 1 3 10 2 3 15 1 4 11 1 4 12 1 4 15 1 5 12 2 5 15 1 6 13 1 6 16 1 6 17 1 7 16 1 7 17 1 8 13 1 8 17 1 9 14 1 10 16 1
18 23  0 7 1 0 10 1 0 14 1 1 8 1 1 11 2 2 9 2 2 16 1 3 10 2 3 12 1 4 11 1 4 14 1 4 16 1 5 12 1 5 13 1 5 15 1 6 13 2 6 15 1 7 14 1 7 17 1 8 15 1 8 17 1 9 16 1 12 17 1
18 26  0 6 1 0 10 1 0 12 1 1 7 1 1 11 1 1 16 1 2 8 1 2 13 1 2 15 1 3 9 2 3 16 1 4 11 1 4 13 1 4 14 1 5 12 1 5 14 1 5 17 1 6 10 1 6 12 1 7 15 1 7 17 1 8 14 1 8 15 1 9 16 1 10 13 1 11 17 1
18 24  0 8 1 0 14 1 0 15 1 1 9 2 1 16 1 2 10 1 2 12 1 2 16 1 3 10 2 3 13 1 4 11 1 4 14 1 4 17 1 5 11 2 5 15 1 6 12 1 6 13 1 6 14 1 7 12 1 7 13 1 7 17 1 8 15 1 8 17 1 9 16 1
18 25  0 7 1 0 12 1 0 13 1 1 8 1 1 13 1 1 15 1 2 9 2 2 16 1 3 10 1 3 13 1 3 17 1 4 10 1 4 14 1 4 15 1 5 11 2 5 15 1 6 11 1 6 16 1 6 17 1 7 12 1 7 14 1 8 14 1 8 17 1 9 16 1 10 12 1
18 23  0 8 2 0 14 1 1 9 2 1 15 1 2 10 1 2 11 1 2 17 1 3 10 1 3 13 1 3 14 1 4 11 2 4 16 1 5 12 1 5 13 1 5 17 1 6 12 2 6 15 1 7 13 1 7 15 1 7 16 1 8 14 1 9 16 1 10 17 1
18 26  0 7 1 0 11 1 0 12 1 1 8 1 1 13 1 1 14 1 2 9 2 2 16 1 3 10 1 3 12 1 3 13 1 4 10 1 4 14 1 4 17 1 5 11 1 5 12 1 5 13 1 6 11 1 6 14 1 6 15 1 7 15 1 7 17 1 8 15 1 8 17 1 9 16 1 10 16 1
18 22  0 8 2 0 13 1 1 9 2 1 13 1 2 10 2 2 14 1 3 11 1 3 15 1 3 17 1 4 11 2 4 15 1 5 12 1 5 15 1 5 17 1 6 12 2 6 16 1 7 13 1 7 14 1 7 17 1 8 16 1 9 16 1 10 14 1
18 25  0 7 1 0 10 1 0 12 1 1 8 1 1 12 1 1 13 1 2 9 2 2 16 1 3 10 1 3 14 1 3 15 1 4 11 1 4 13 1 4 17 1 5 11 2 5 15 1 6 14 1 6 15 1 6 17 1 7 12 1 7 16 1 8 14 1 8 17 1 9 16 1 10 13 1
18 24  0 8 1 0 13 1 0 14 1 1 9 2 1 15 1 2 10 1 2 12 1 2 13 1 3 10 2 3 14 1 4 11 2 4 14 1 5 11 1 5 16 1 5 17 1 6 12 1 6 13 1 6 15 1 7 12 1 7 16 1 7 17 1 8 16 1 8 17 1 9 15 1
18 24  0 8 1 0 9 1 0 17 1 1 10 1 1 11 2 2 10 1 2 13 1 2 14 1 3 11 1 3 16 1 3 17 1 4 12 1 4 15 1 4 17 1 5 12 2 5 16 1 6 13 1 6 14 1 6 15 1 7 13 1 7 14 1 7 16 1 8 9 2 10 15 1
18 26  0 7 1 0 13 1 0 14 1 1 8 2 1 16 1 2 9 1 2 10 1 2 12 1 3 9 1 3 12 1 3 13 1 4 10 1 4 12 1 4 15 1 5 11 1 5 14 1 5 17 1 6 11 1 6 15 1 6 17 1 7 13 1 7 15 1 8 16 1 9 17 1 10 14 1 11 16 1
18 26  0 7 1 0 10 1 0 13 1 1 8 1 1 14 1 1 16 1 2 9 2 2 16 1 3 10 1 3 11 1 3 12 1 4 11 1 4 13 1 4 15 1 5 11 1 5 14 1 5 15 1 6 12 1 6 13 1 6 17 1 7 12 1 7 14 1 8 15 1 8 17 1 9 16 1 10 17 1
18 26  0 6 1 0 11 1 0 12 1 1 7 1 1 11 1 1 17 1 2 8 1 2 12 1 2 14 1 3 9 1 3 14 1 3 16 1 4 10 2 4 16 1 5 13 1 5 14 1 5 15 1 6 11 1 6 15 1 7 12 1 7 13 1 8 13 1 8 17 1 9 15 1 9 17 1 10 16 1
18 25  0 7 1 0 12 1 0 13 1 1 8 1 1 13 1 1 14 1 2 9 2 2 16 1 3 10 2 3 11 1 4 10 1 4 14 1 4 17 1 5 11 1 5 15 1 5 17 1 6 12 1 6 15 1 6 16 1 7 12 1 7 13 1 8 14 1 8 15 1 9 16 1 11 17 1
18 24  0 8 2 0 16 1 1 9 1 1 10 2 2 9 1 2 15 1 2 16 1 3 10 1 3 14 1 3 17 1 4 11 1 4 12 1 4 17 1 5 11 1 5 13 1 5 14 1 6 12 2 6 15 1 7 13 1 7 14 1 7 15 1 8 16 1 9 13 1 11 17 1
18 25  0 6 1 0 11 2 1 7 1 1 12 1 1 13 1 2 8 1 2 12 1 2 13 1 3 9 1 3 13 1 3 14 1 4 10 2 4 16 1 5 11 1 5 12 1 5 17 1 6 15 1 6 17 1 7 14 1 7 15 1 8 14 1 8 15 1 9 16 1 9 17 1 10 16 1
18 24  0 7 1 0 12 1 0 15 1 1 8 1 1 12 1 1 13 1 2 9 2 2 14 1 3 10 2 3 15 1 4 11 1 4 13 1 4 17 1 5 11 2 5 14 1 6 12 1 6 16 1 6 17 1 7 13 1 7 14 1 8 16 1 8 17 1 9 16 1 10 15 1
18 23  0 7 1 0 10 2 1 8 2 1 11 1 2 9 2 2 16 1 3 10 1 3 12 1 3 14 1 4 11 1 4 14 1 4 15 1 5 12 1 5 13 2 6 13 1 6 15 1 6 17 1 7 16 1 7 17 1 8 14 1 9 16 1 11 17 1 12 15 1
18 25  0 8 1 0 13 1 0 15 1 1 9 2 1 16 1 2 10 2 2 15 1 3 10 1 3 16 1 3 17 1 4 11 1 4 12 1 4 13 1 5 11 1 5 12 1 5 14 1 6 11 1 6 13 1 6 17 1 7 12 1 7 14 1 7 15 1 8 14 1 8 17 1 9 16 1
18 25  0 8 1 0 12 1 0 16 1 1 9 2 1 16 1 2 10 2 2 13 1 3 10 1 3 15 1 3 17 1 4 11 1 4 12 1 4 13 1 5 11 1 5 14 1 5 17 1 6 11 1 6 15 1 6 17 1 7 12 1 7 14 1 7 15 1 8 13 1 8 14 1 9 16 1
18 26  0 7 1 0 11 1 0 12 1 1 8 1 1 12 1 1 13 1 2 9 2 2 16 1 3 10 1 3 11 1 3 12 1 4 10 1 4 14 1 4 16 1 5 11 1 5 15 1 5 17 1 6 13 1 6 14 1 6 15 1 7 15 1 7 17 1 8 13 1 8 14 1 9 16 1 10 17 1
18 26  0 7 1 0 10 1 0 17 1 1 8 1 1 13 1 1 15 1 2 9 2 2 16 1 3 10 1 3 11 1 3 12 1 4 11 1 4 12 1 4 14 1 5 11 1 5 12 1 5 17 1 6 13 1 6 14 1 6 17 1 7 15 1 7 16 1 8 14 1 8 15 1 9 16 1 10 13 1
18 25  0 7 1 0 10 1 0 12 1 1 8 1 1 13 1 1 14 1 2 9 2 2 16 1 3 10 1 3 12 1 3 13 1 4 11 2 4 13 1 5 11 1 5 15 1 5 17 1 6 12 1 6 14 1 6 15 1 7 15 1 7 17 1 8 14 1 8 17 1 9 16 1 10 16 1
18 22  0 8 2 0 11 1 1 9 2 1 14 1 2 10 2 2 16 1 3 11 2 3 13 1 4 12 1 4 14 1 4 17 1 5 12 2 5 15 1 6 13 1 6 14 1 6 17 1 7 13 1 7 15 1 7 17 1 8 16 1 9 15 1 10 16 1
