R 1 24 36 6 10038 3 1 2 0 5 4 0 4 3 1 2 5 0 2 1 3 4 5 3 5 0 2 1 4 4 5 0 3 1 2 1 2 5 4 0 3 | 8 8  0 4 2 0 5 1 1 4 1 1 6 2 2 5 2 2 7 1 3 6 1 3 7 2
R 2 24 36 6 8361 3 4 5 0 2 1 1 4 2 3 5 0 1 2 3 2 4 5 0 5 4 0 1 3 0 1 2 4 5 3 0 3 5 1 2 4 | 8 9  0 4 1 0 5 1 0 7 1 1 4 2 1 6 1 2 5 2 2 7 1 3 6 2 3 7 1
R 3 24 36 6 15180 3 4 5 0 2 1 0 3 1 4 2 5 1 2 3 5 2 3 0 4 5 0 1 4 0 1 2 4 5 3 4 2 5 0 1 3 | 8 10  0 4 1 0 6 1 0 7 1 1 4 2 1 6 1 2 5 1 2 6 1 2 7 1 3 5 2 3 7 1
R 4 24 36 6 948 3 4 5 0 2 1 5 1 2 0 3 4 1 2 3 0 2 4 4 5 1 3 0 5 0 1 2 4 5 3 3 0 4 5 2 1 | 8 11  0 4 1 0 5 1 0 7 1 1 4 2 1 6 1 2 5 1 2 6 1 2 7 1 3 5 1 3 6 1 3 7 1
R 5 24 36 6 916 3 4 5 0 2 5 0 1 4 1 2 3 1 2 3 2 0 4 1 0 5 3 4 5 0 1 2 4 3 1 5 3 2 5 4 0 | 8 12  0 4 1 0 5 1 0 6 1 1 4 1 1 5 1 1 7 1 2 4 1 2 6 1 2 7 1 3 5 1 3 6 1 3 7 1
R 6 24 36 6 33304 2 1 5 0 2 4 5 0 3 0 5 1 1 4 2 2 3 0 3 4 5 3 4 1 3 4 0 3 5 1 1 4 2 2 0 5 | 8 9  0 3 2 0 6 1 1 4 2 1 6 1 2 5 2 2 6 1 3 7 1 4 7 1 5 7 1
R 7 24 36 NOT6 A+B chi=-1 | 8 9  0 3 2 0 6 1 1 4 2 1 6 1 2 5 2 2 7 1 3 6 1 4 7 1 5 7 1
R 8 24 36 6 1453 1 2 3 5 2 4 0 5 1 3 4 5 3 4 2 0 2 1 5 0 4 0 3 1 0 4 5 0 1 3 3 2 4 1 2 5 | 8 10  0 3 1 0 5 2 1 4 2 1 6 1 2 5 1 2 6 1 2 7 1 3 6 1 3 7 1 4 7 1
R 9 24 36 NOT6 A+B chi=-1 | 8 9  0 3 1 0 5 1 0 7 1 1 4 2 1 6 1 2 6 2 2 7 1 3 5 2 4 7 1
R 10 24 36 6 3711 3 4 5 1 0 2 4 0 5 1 2 3 4 2 5 5 0 3 2 1 0 1 3 4 0 1 2 3 4 5 1 2 3 4 5 0 | 8 10  0 3 1 0 4 1 0 7 1 1 4 1 1 5 1 1 7 1 2 5 2 2 6 1 3 6 2 4 7 1
R 11 24 36 6 1568 3 4 5 1 5 4 0 2 5 1 2 3 4 0 2 3 5 1 2 1 0 0 3 4 0 1 2 3 0 2 4 3 1 4 5 5 | 8 10  0 3 1 0 4 1 0 7 1 1 4 1 1 5 2 2 5 1 2 6 1 2 7 1 3 6 2 4 7 1
R 12 24 36 6 1558 3 4 5 1 4 3 5 0 2 1 2 3 0 4 5 2 0 3 1 0 4 5 2 1 0 1 2 2 5 0 1 4 3 5 4 3 | 8 11  0 3 1 0 4 1 0 6 1 1 4 1 1 5 1 1 7 1 2 5 2 2 6 1 3 6 1 3 7 1 4 7 1
R 13 24 36 6 38 3 4 5 1 2 5 0 4 2 1 2 3 0 4 5 3 2 1 1 0 4 5 3 0 0 1 2 3 0 4 5 3 1 5 4 2 | 8 11  0 3 1 0 4 1 0 6 1 1 4 1 1 5 2 2 5 1 2 6 1 2 7 1 3 6 1 3 7 1 4 7 1
R 14 24 36 6 41 3 4 5 1 2 4 0 3 5 1 2 3 0 2 4 0 1 5 3 5 2 4 0 1 0 1 2 5 3 0 4 1 2 4 5 3 | 8 12  0 3 1 0 4 1 0 5 1 1 4 1 1 5 1 1 6 1 2 5 1 2 6 1 2 7 1 3 6 1 3 7 1 4 7 1
R 15 24 36 6 97 3 4 5 0 1 2 3 5 4 1 2 3 4 2 0 5 3 1 0 2 5 0 1 4 0 1 2 5 4 3 1 0 2 4 5 3 | 8 11  0 3 1 0 6 1 0 7 1 1 4 1 1 5 1 1 6 1 2 4 1 2 5 2 3 6 1 3 7 1 4 7 1
R 16 24 36 NOT6 A+B chi=-1 | 8 11  0 3 2 0 6 1 1 4 1 1 5 1 1 6 1 2 4 1 2 5 1 2 7 1 3 6 1 4 7 1 5 7 1
R 17 24 36 6 1985 3 4 5 4 0 1 5 0 2 1 2 3 1 5 2 2 4 3 3 5 0 1 0 4 0 1 2 3 5 2 4 1 3 4 5 0 | 8 12  0 3 1 0 5 1 0 7 1 1 4 1 1 5 1 1 6 1 2 4 1 2 6 1 2 7 1 3 6 1 3 7 1 4 5 1
R 18 24 36 6 87 3 4 5 0 1 2 4 0 5 1 2 3 3 2 5 1 4 3 0 2 5 1 0 4 0 1 2 4 5 3 1 2 3 4 5 0 | 8 12  0 3 1 0 6 1 0 7 1 1 4 1 1 5 1 1 6 1 2 4 1 2 5 1 2 7 1 3 6 1 3 7 1 4 5 1
R 19 24 36 6 812 3 4 5 1 5 3 2 0 4 1 2 3 4 0 1 0 2 5 0 3 5 2 4 1 0 1 2 2 4 0 5 1 3 4 5 3 | 8 12  0 3 1 0 5 1 0 6 1 1 4 1 1 6 1 1 7 1 2 4 1 2 6 1 2 7 1 3 5 1 3 7 1 4 5 1
R 20 24 36 NOT6 A+B chi=-1 | 8 10  0 3 1 0 4 1 0 7 1 1 5 1 1 6 1 1 7 1 2 5 1 2 6 2 3 4 2 5 7 1
