R 1 30 45 6 209 3 1 2 0 4 1 0 4 3 2 3 0 2 1 5 0 2 1 3 4 2 3 4 0 5 1 0 1 3 2 4 5 0 3 2 5 1 5 2 1 4 5 3 4 0 | 10 10  0 5 2 0 6 1 1 5 1 1 7 2 2 6 2 2 8 1 3 7 1 3 9 2 4 8 2 4 9 1
R 2 30 45 6 386 3 4 5 0 2 1 1 2 0 3 4 0 3 1 5 1 2 3 0 2 3 0 4 5 5 1 4 1 0 3 0 1 2 4 5 3 4 5 3 1 2 5 0 2 4 | 10 11  0 5 1 0 6 1 0 9 1 1 5 2 1 7 1 2 6 2 2 8 1 3 7 2 3 9 1 4 8 2 4 9 1
R 3 30 45 6 40 3 1 2 0 4 1 0 4 3 2 4 3 1 0 2 0 2 1 3 4 1 3 4 0 2 0 4 2 3 1 4 5 0 3 2 5 2 5 1 1 5 0 3 5 4 | 10 11  0 5 2 0 6 1 1 5 1 1 7 1 1 9 1 2 6 2 2 8 1 3 7 2 3 9 1 4 8 2 4 9 1
R 4 30 45 6 155 3 4 5 0 2 1 1 2 0 3 0 4 1 2 5 1 2 3 0 2 4 5 2 4 5 0 1 1 0 3 0 1 2 4 5 3 3 5 4 1 2 5 0 3 4 | 10 12  0 5 1 0 6 1 0 9 1 1 5 2 1 8 1 2 6 2 2 8 1 3 7 1 3 8 1 3 9 1 4 7 2 4 9 1
R 5 30 45 6 213 3 4 5 0 2 1 1 2 0 3 1 2 4 0 5 1 2 3 0 2 3 5 0 2 5 4 1 1 0 4 0 1 2 4 5 3 4 5 3 4 0 5 1 3 2 | 10 12  0 5 1 0 6 1 0 9 1 1 5 2 1 8 1 2 6 2 2 9 1 3 7 1 3 8 1 3 9 1 4 7 2 4 8 1
R 6 30 45 6 107 3 1 2 0 4 1 0 4 3 2 0 1 5 3 4 0 2 1 3 4 1 4 3 1 4 5 0 0 3 2 4 5 0 3 2 5 2 5 1 5 3 4 0 2 1 | 10 12  0 5 2 0 6 1 1 5 1 1 8 1 1 9 1 2 6 2 2 9 1 3 7 1 3 8 1 3 9 1 4 7 2 4 8 1
R 7 30 45 6 40 3 1 2 0 4 1 0 4 3 2 4 3 1 2 0 0 2 1 3 4 1 3 4 0 0 2 4 2 3 1 4 5 0 3 2 5 2 5 1 1 5 0 5 3 4 | 10 13  0 5 2 0 6 1 1 5 1 1 7 1 1 9 1 2 6 2 2 8 1 3 7 1 3 8 1 3 9 1 4 7 1 4 8 1 4 9 1
R 8 30 45 6 79 3 4 5 0 2 1 3 0 2 4 1 5 0 1 2 1 2 3 5 1 2 0 2 4 0 5 3 1 0 4 0 1 2 4 5 3 4 1 5 0 3 2 5 4 3 | 10 13  0 5 1 0 7 1 0 9 1 1 5 2 1 7 1 2 6 1 2 8 1 2 9 1 3 6 2 3 8 1 4 7 1 4 8 1 4 9 1
R 9 30 45 6 218 3 4 5 0 2 1 1 0 2 5 2 3 0 1 3 1 2 3 3 2 1 0 2 3 0 4 5 1 0 5 0 1 2 4 5 3 5 4 3 0 4 1 5 2 4 | 10 13  0 5 1 0 7 1 0 9 1 1 5 2 1 8 1 2 6 1 2 7 1 2 9 1 3 6 2 3 8 1 4 7 1 4 8 1 4 9 1
R 10 30 45 6 205 3 1 2 0 4 1 0 4 2 5 2 3 1 0 5 0 2 1 3 2 1 3 4 5 5 4 0 0 2 1 4 5 0 3 2 5 5 1 3 0 4 1 2 3 4 | 10 13  0 5 2 0 7 1 1 5 1 1 8 1 1 9 1 2 6 1 2 7 1 2 9 1 3 6 2 3 8 1 4 7 1 4 8 1 4 9 1
R 11 30 45 6 246 3 4 5 0 2 1 1 3 2 1 2 0 0 3 4 1 2 3 0 2 4 0 2 3 4 5 1 3 0 1 0 1 2 4 5 3 5 4 0 3 5 4 1 2 5 | 10 14  0 5 1 0 7 1 0 9 1 1 5 2 1 8 1 2 6 1 2 7 1 2 8 1 3 6 1 3 7 1 3 9 1 4 6 1 4 8 1 4 9 1
R 12 30 45 6 354 3 4 5 0 2 1 2 0 1 5 3 4 1 2 0 1 2 3 1 4 0 0 5 2 0 2 4 1 3 5 0 1 2 4 5 3 3 4 5 2 1 0 5 3 4 | 10 14  0 5 1 0 8 1 0 9 1 1 5 2 1 8 1 2 6 1 2 7 1 2 8 1 3 6 1 3 7 1 3 9 1 4 6 1 4 7 1 4 9 1
R 13 30 45 6 70 3 4 5 0 2 1 0 1 2 1 2 4 0 5 3 1 2 3 2 0 4 0 1 3 5 4 2 5 0 1 0 1 2 4 3 5 5 3 4 5 0 3 4 1 2 | 10 15  0 5 1 0 6 1 0 7 1 1 5 1 1 6 1 1 7 1 2 5 1 2 8 1 2 9 1 3 6 1 3 8 1 3 9 1 4 7 1 4 8 1 4 9 1
R 14 30 45 6 136 3 4 5 0 2 3 0 1 2 1 4 5 1 0 4 1 2 3 2 4 3 1 0 4 4 0 5 0 5 1 0 1 2 4 5 1 5 3 4 0 3 2 5 2 3 | 10 15  0 5 1 0 6 1 0 7 1 1 5 1 1 7 1 1 8 1 2 5 1 2 8 1 2 9 1 3 6 1 3 7 1 3 9 1 4 6 1 4 8 1 4 9 1
R 15 30 45 6 118 3 1 2 0 1 5 1 0 4 0 4 3 0 2 1 4 5 1 5 4 0 3 4 1 3 0 2 4 5 2 4 5 0 2 3 4 2 3 5 2 5 1 3 0 1 | 10 11  0 4 2 0 7 1 1 5 2 1 8 1 2 6 2 2 8 1 3 7 2 3 8 1 4 9 1 5 9 1 6 9 1
R 16 30 45 NOT6 B chi=7 | 10 11  0 4 2 0 7 1 1 5 2 1 8 1 2 6 2 2 8 1 3 7 2 3 9 1 4 9 1 5 8 1 6 9 1
R 17 30 45 NOT6 A+B chi=-1 | 10 11  0 4 2 0 7 1 1 5 2 1 8 1 2 6 2 2 9 1 3 7 2 3 8 1 4 9 1 5 8 1 6 9 1
R 18 30 45 6 361 1 2 3 4 0 5 0 4 1 3 1 2 3 4 5 3 5 0 0 2 1 2 1 5 3 4 0 0 3 1 0 4 5 1 2 3 3 2 5 0 4 5 1 2 4 | 10 12  0 4 1 0 6 2 1 5 2 1 7 1 2 6 1 2 8 1 2 9 1 3 7 2 3 8 1 4 8 1 4 9 1 5 9 1
R 19 30 45 6 187 1 2 3 4 1 0 0 4 2 5 1 4 3 4 5 2 0 1 0 2 1 4 1 3 5 4 0 0 5 3 0 4 5 3 5 2 3 5 1 0 2 3 1 2 4 | 10 12  0 4 1 0 6 2 1 5 2 1 8 1 2 6 1 2 7 1 2 9 1 3 7 2 3 8 1 4 8 1 4 9 1 5 9 1
R 20 30 45 6 64 3 1 2 3 2 0 0 2 3 4 1 5 0 2 1 1 0 2 3 4 5 5 1 2 4 5 0 4 0 1 4 5 0 4 5 1 1 4 5 0 3 2 3 3 2 | 10 12  0 4 2 0 6 1 1 5 2 1 8 1 2 6 1 2 7 1 2 9 1 3 7 2 3 8 1 4 8 1 5 9 1 6 9 1
R 21 30 45 NOT6 B chi=7 | 10 12  0 4 2 0 6 1 1 5 2 1 8 1 2 6 1 2 7 1 2 9 1 3 7 2 3 8 1 4 9 1 5 8 1 6 9 1
R 22 30 45 NOT6 B chi=7 | 10 12  0 4 2 0 6 1 1 5 2 1 8 1 2 6 1 2 7 2 3 7 1 3 8 1 3 9 1 4 9 1 5 8 1 6 9 1
R 23 30 45 6 344 3 4 5 5 0 4 1 0 4 3 1 2 1 2 3 3 4 0 4 0 3 2 1 0 2 1 4 0 1 3 0 1 2 1 2 3 2 5 3 0 5 4 4 5 5 | 10 11  0 4 1 0 6 1 0 9 1 1 5 2 1 8 1 2 6 2 2 7 1 3 8 2 3 9 1 4 7 2 5 9 1
R 24 30 45 6 90 1 2 3 3 2 5 0 4 2 3 0 1 3 4 5 0 5 2 0 2 1 3 1 4 2 0 4 5 0 3 0 4 5 1 4 0 3 5 1 2 5 4 1 2 3 | 10 13  0 4 1 0 6 2 1 5 2 1 7 1 2 6 1 2 7 1 2 9 1 3 7 1 3 8 1 3 9 1 4 8 1 4 9 1 5 8 1
R 25 30 45 NOT6 B chi=7 | 10 13  0 4 1 0 6 2 1 5 2 1 8 1 2 6 1 2 7 1 2 9 1 3 7 1 3 8 1 3 9 1 4 7 1 4 9 1 5 8 1
R 26 30 45 6 44 3 4 5 2 0 1 1 0 2 5 2 4 1 2 3 5 1 0 4 2 1 2 0 3 0 3 5 1 0 4 0 1 2 3 4 5 5 4 3 0 3 1 4 5 2 | 10 13  0 4 1 0 7 1 0 9 1 1 5 2 1 7 1 2 6 1 2 7 1 2 9 1 3 6 2 3 8 1 4 8 1 4 9 1 5 8 1
R 27 30 45 NOT6 B chi=7 | 10 13  0 4 1 0 7 1 0 9 1 1 5 2 1 8 1 2 6 1 2 7 1 2 9 1 3 6 2 3 7 1 4 8 1 4 9 1 5 8 1
R 28 30 45 6 447 3 1 2 3 5 4 0 4 2 5 1 3 0 2 1 2 1 3 3 1 2 3 4 5 0 1 4 0 2 5 4 5 0 0 2 1 5 1 3 0 4 2 3 5 4 | 10 13  0 4 2 0 7 1 1 5 1 1 8 1 1 9 1 2 6 1 2 7 1 2 9 1 3 6 2 3 7 1 4 8 1 5 8 1 5 9 1
R 29 30 45 NOT6 B chi=7 | 10 13  0 4 2 0 7 1 1 5 2 1 8 1 2 6 1 2 7 1 2 9 1 3 6 1 3 7 1 3 9 1 4 8 1 5 8 1 6 9 1
R 30 30 45 NOT6 B chi=7 | 10 13  0 4 1 0 7 1 0 9 1 1 5 2 1 8 1 2 6 2 2 7 1 3 6 1 3 8 1 3 9 1 4 7 1 4 9 1 5 8 1
R 31 30 45 NOT6 A+B chi=-1 | 10 11  0 4 1 0 6 1 0 9 1 1 5 2 1 7 1 2 7 2 2 8 1 3 8 2 3 9 1 4 6 2 5 9 1
R 32 30 45 NOT6 A+B chi=-1 | 10 12  0 4 1 0 6 1 0 9 1 1 5 2 1 8 1 2 7 1 2 8 1 2 9 1 3 7 2 3 9 1 4 6 2 5 8 1
R 33 30 45 NOT6 B chi=7 | 10 14  0 4 1 0 6 1 0 7 1 1 5 2 1 7 1 2 6 1 2 8 1 2 9 1 3 6 1 3 8 1 3 9 1 4 8 1 4 9 1 5 7 1
R 34 30 45 6 39 3 4 5 1 2 4 0 2 3 1 0 4 1 2 3 0 2 3 3 2 1 4 0 3 2 1 0 0 1 5 0 1 2 5 0 3 4 5 1 2 5 3 4 5 4 | 10 12  0 4 1 0 5 1 0 9 1 1 5 1 1 6 1 1 9 1 2 6 2 2 7 1 3 7 2 3 8 1 4 8 2 5 9 1
R 35 30 45 6 367 3 4 5 1 4 0 2 5 3 1 0 4 1 2 3 0 4 2 3 4 1 4 0 3 2 1 0 0 3 1 0 1 2 3 2 5 0 1 4 2 5 3 4 5 5 | 10 12  0 4 1 0 5 1 0 9 1 1 5 1 1 6 2 2 6 1 2 7 1 2 9 1 3 7 2 3 8 1 4 8 2 5 9 1
R 36 30 45 6 39 3 4 5 1 2 0 1 3 5 0 2 4 1 2 3 0 2 3 5 1 0 2 3 1 2 1 0 0 3 5 0 1 2 4 5 3 2 0 4 5 3 1 4 5 4 | 10 12  0 4 1 0 5 1 0 9 1 1 5 2 1 6 1 2 6 1 2 7 2 3 7 1 3 8 1 3 9 1 4 8 2 6 9 1
R 37 30 45 6 39 3 4 5 1 4 2 0 3 4 1 0 2 1 2 3 0 4 3 4 3 1 2 0 3 1 0 4 0 1 5 0 1 2 5 0 3 2 5 1 4 5 3 5 4 2 | 10 13  0 4 1 0 5 1 0 8 1 1 5 1 1 6 1 1 9 1 2 6 2 2 7 1 3 7 2 3 8 1 4 8 1 4 9 1 5 9 1
R 38 30 45 6 714 3 4 5 1 4 0 2 3 5 0 4 2 1 2 3 0 4 5 3 4 1 0 3 2 1 0 4 5 3 0 0 1 2 3 2 5 0 1 4 5 3 1 5 4 2 | 10 13  0 4 1 0 5 1 0 8 1 1 5 1 1 6 2 2 6 1 2 7 2 3 7 1 3 8 1 3 9 1 4 8 1 4 9 1 5 9 1
R 39 30 45 6 186 3 4 5 1 4 2 3 0 4 1 0 2 1 2 3 2 4 0 1 5 4 2 0 3 1 0 4 1 2 0 0 1 2 3 5 0 2 1 5 4 5 3 5 4 3 | 10 13  0 4 1 0 5 1 0 8 1 1 5 2 1 6 1 2 6 1 2 7 1 2 9 1 3 7 2 3 8 1 4 8 1 4 9 1 6 9 1
R 40 30 45 6 1948 1 2 3 0 4 1 3 4 2 5 0 1 3 4 5 0 2 1 5 3 1 1 0 4 3 0 2 3 5 0 0 4 5 3 2 5 0 5 1 2 3 4 1 2 4 | 10 13  0 4 1 0 5 2 1 5 1 1 6 1 1 8 1 2 6 1 2 7 1 2 9 1 3 7 2 3 8 1 4 8 1 4 9 1 6 9 1
R 41 30 45 6 247 1 2 3 0 4 1 3 4 5 0 2 1 3 4 5 0 2 1 5 3 0 1 4 3 3 0 2 0 5 1 0 4 5 3 2 5 1 0 2 5 4 3 1 2 4 | 10 13  0 4 1 0 5 2 1 5 1 1 6 1 1 8 1 2 6 1 2 7 2 3 7 1 3 8 1 3 9 1 4 8 1 4 9 1 6 9 1
R 42 30 45 6 327 3 1 2 0 2 3 5 0 2 1 0 3 0 2 1 3 4 5 1 2 4 3 0 2 1 0 5 1 5 3 4 5 0 1 5 4 3 1 4 4 5 2 3 2 0 | 10 13  0 4 2 0 5 1 1 5 1 1 6 1 1 8 1 2 6 1 2 7 1 2 9 1 3 7 2 3 8 1 4 8 1 5 9 1 6 9 1
R 43 30 45 6 1387 3 4 5 1 2 4 0 1 3 5 3 4 1 2 3 0 2 4 4 3 2 3 1 5 1 0 5 4 0 1 0 1 2 5 0 3 5 4 2 0 1 2 4 5 3 | 10 14  0 4 1 0 5 1 0 7 1 1 5 1 1 7 1 1 8 1 2 6 1 2 7 1 2 9 1 3 6 2 3 8 1 4 8 1 4 9 1 5 9 1
R 44 30 45 6 738 3 4 5 1 2 4 0 2 3 4 1 5 1 2 3 0 2 4 4 3 2 0 1 5 1 5 2 4 0 1 0 1 2 5 3 0 1 5 4 0 3 2 4 5 3 | 10 14  0 4 1 0 5 1 0 7 1 1 5 1 1 7 1 1 8 1 2 6 2 2 7 1 3 6 1 3 8 1 3 9 1 4 8 1 4 9 1 5 9 1
R 45 30 45 6 359 1 2 3 0 4 2 4 1 2 0 4 1 3 4 5 0 2 1 2 0 1 1 4 3 0 4 2 0 5 3 0 4 5 3 5 1 3 0 5 5 2 3 1 2 4 | 10 14  0 4 1 0 5 2 1 5 1 1 7 1 1 9 1 2 6 1 2 7 1 2 8 1 3 6 1 3 7 1 3 8 1 4 8 1 4 9 1 6 9 1
R 46 30 45 6 448 3 4 5 0 1 2 0 1 4 5 2 3 1 2 3 2 0 3 3 2 4 1 0 4 3 0 1 0 2 1 0 1 2 4 3 5 5 2 3 0 1 4 5 4 5 | 10 14  0 4 1 0 5 1 0 7 1 1 5 1 1 7 1 1 8 1 2 6 1 2 8 1 2 9 1 3 6 2 3 8 1 4 7 1 4 9 1 5 9 1
R 47 30 45 6 106 3 4 5 0 1 2 0 3 4 1 4 5 1 2 3 2 0 5 5 4 3 1 0 4 2 1 0 0 4 1 0 1 2 4 3 5 1 5 2 0 2 3 5 4 3 | 10 14  0 4 1 0 5 1 0 7 1 1 5 1 1 7 1 1 9 1 2 6 1 2 8 1 2 9 1 3 6 2 3 8 1 4 7 1 4 8 1 5 9 1
R 48 30 45 6 282 3 4 5 1 2 5 4 0 2 3 5 0 1 2 3 0 2 3 3 2 0 1 0 4 2 0 5 3 1 4 0 1 2 4 3 0 1 5 3 4 1 2 4 5 5 | 10 14  0 4 1 0 5 1 0 7 1 1 5 1 1 8 1 1 9 1 2 6 2 2 7 1 3 6 1 3 8 1 3 9 1 4 8 1 4 9 1 5 7 1
R 49 30 45 6 157 3 4 5 1 0 4 2 0 1 4 0 2 1 2 3 4 0 2 1 3 2 5 1 4 3 2 0 1 0 4 0 1 2 3 5 2 4 3 5 5 1 3 4 5 0 | 10 14  0 4 1 0 5 1 0 9 1 1 5 2 1 7 1 2 6 1 2 7 1 2 8 1 3 6 1 3 8 1 3 9 1 4 8 1 4 9 1 6 7 1
R 50 30 45 6 56 1 2 3 0 4 2 5 0 1 2 0 1 3 4 5 0 2 1 1 4 5 4 1 2 3 2 0 5 0 3 0 4 5 3 5 1 2 3 4 3 5 4 1 2 0 | 10 14  0 4 1 0 5 2 1 5 1 1 7 1 1 9 1 2 6 1 2 7 1 2 8 1 3 6 1 3 8 1 3 9 1 4 8 1 4 9 1 6 7 1
R 51 30 45 6 255 1 2 3 0 4 1 0 1 2 0 3 5 3 4 5 0 2 1 5 2 4 1 5 3 3 4 0 0 3 1 0 4 5 3 2 5 3 4 5 1 2 4 1 2 0 | 10 14  0 4 1 0 5 2 1 5 1 1 8 1 1 9 1 2 6 1 2 7 1 2 8 1 3 6 1 3 7 1 3 9 1 4 8 1 4 9 1 6 7 1
R 52 30 45 6 151 3 4 5 1 0 4 5 1 2 0 4 3 1 2 3 4 0 3 2 1 0 3 4 2 4 0 1 0 1 3 0 1 2 2 5 3 0 3 4 1 2 5 4 5 5 | 10 12  0 4 1 0 5 1 0 9 1 1 5 2 1 6 1 2 7 1 2 8 1 2 9 1 3 7 1 3 8 2 4 6 2 7 9 1
R 53 30 45 6 452 3 4 5 1 2 3 0 2 4 0 1 5 1 2 3 0 2 4 0 3 5 1 5 2 1 0 2 4 0 1 0 1 2 5 4 0 1 3 5 4 3 2 4 5 3 | 10 15  0 4 1 0 5 1 0 6 1 1 5 1 1 6 1 1 7 1 2 6 1 2 7 1 2 8 1 3 7 1 3 8 1 3 9 1 4 8 1 4 9 1 5 9 1
R 54 30 45 6 114 3 4 5 2 1 0 2 4 5 0 3 1 1 2 3 0 2 3 1 0 4 1 0 2 3 1 4 3 2 0 0 1 2 4 3 5 3 0 1 5 2 4 4 5 5 | 10 15  0 4 1 0 5 1 0 6 1 1 5 1 1 6 1 1 9 1 2 7 1 2 8 1 2 9 1 3 7 1 3 8 1 3 9 1 4 7 1 4 8 1 5 6 1
R 55 30 45 6 53 3 4 5 5 1 4 0 3 2 1 0 2 1 2 3 2 3 4 3 0 1 2 0 3 1 0 4 0 2 1 0 1 2 0 2 3 1 4 5 4 5 3 5 4 5 | 10 13  0 4 1 0 7 1 0 8 1 1 5 1 1 6 1 1 9 1 2 5 1 2 6 2 3 7 2 3 8 1 4 8 1 4 9 1 5 9 1
R 56 30 45 6 100 3 4 5 2 3 0 3 4 1 1 2 4 1 2 3 1 0 2 4 3 5 4 2 3 1 2 0 0 1 4 0 1 2 4 1 5 5 0 2 0 5 3 4 5 3 | 10 13  0 4 1 0 7 1 0 9 1 1 5 1 1 6 1 1 8 1 2 5 1 2 6 2 3 7 2 3 8 1 4 8 1 4 9 1 5 9 1
R 57 30 45 6 166 1 2 3 4 1 2 0 5 3 0 4 1 3 4 5 3 5 2 5 0 1 0 2 1 3 0 4 0 3 1 0 4 5 0 3 5 1 2 4 3 2 5 1 2 4 | 10 13  0 4 1 0 7 2 1 5 1 1 6 1 1 8 1 2 5 1 2 6 2 3 7 1 3 8 1 3 9 1 4 8 1 4 9 1 5 9 1
R 58 30 45 6 128 3 1 2 2 0 1 4 3 5 0 4 3 0 2 1 1 4 0 3 5 0 3 4 1 2 4 0 1 4 3 4 5 0 3 4 5 2 1 0 2 5 1 3 5 2 | 10 13  0 4 2 0 7 1 1 5 1 1 6 1 1 8 1 2 5 1 2 6 1 2 9 1 3 7 2 3 8 1 4 8 1 5 9 1 6 9 1
R 59 30 45 6 121 3 4 5 2 3 4 1 5 0 2 1 0 1 2 3 0 1 2 5 1 3 0 2 5 3 0 1 2 0 3 0 1 2 5 0 1 3 2 4 3 4 5 4 5 4 | 10 14  0 4 1 0 7 1 0 8 1 1 5 1 1 6 1 1 9 1 2 5 1 2 6 2 3 7 1 3 8 1 3 9 1 4 7 1 4 8 1 5 9 1
R 60 30 45 6 207 3 4 5 2 3 0 0 4 2 1 5 4 1 2 3 1 0 2 4 3 2 4 0 5 0 5 2 0 1 4 0 1 2 4 1 5 5 3 1 0 2 3 4 5 3 | 10 14  0 4 1 0 7 1 0 9 1 1 5 1 1 6 2 2 5 1 2 7 1 2 8 1 3 6 1 3 7 1 3 8 1 4 8 1 4 9 1 5 9 1
R 61 30 45 6 54 3 4 5 2 4 3 1 0 2 1 5 2 1 2 3 3 0 5 1 4 2 0 2 5 1 0 3 1 3 4 0 1 2 1 0 5 4 3 5 3 4 0 4 5 2 | 10 14  0 4 1 0 7 1 0 8 1 1 5 1 1 6 2 2 5 1 2 7 1 2 8 1 3 6 1 3 8 1 3 9 1 4 7 1 4 9 1 5 9 1
R 62 30 45 6 45 3 4 5 3 5 4 1 0 2 1 0 2 1 2 3 2 1 5 2 0 3 0 2 5 1 0 4 1 0 4 0 1 2 0 1 2 4 3 5 4 5 3 4 5 3 | 10 14  0 4 1 0 7 1 0 8 1 1 5 1 1 6 1 1 9 1 2 5 1 2 7 1 2 9 1 3 6 2 3 8 1 4 7 1 4 8 1 5 9 1
R 63 30 45 6 159 3 4 5 2 3 5 1 0 2 0 4 2 1 2 3 5 1 3 0 3 2 0 2 5 1 0 4 3 4 0 0 1 2 0 1 4 4 3 5 5 3 1 4 5 2 | 10 14  0 4 1 0 7 1 0 8 1 1 5 1 1 6 2 2 5 1 2 7 1 2 9 1 3 6 1 3 8 1 3 9 1 4 7 1 4 8 1 5 9 1
R 64 30 45 6 55 3 4 5 1 0 2 0 4 1 5 0 4 1 2 3 2 3 1 4 0 1 2 4 5 3 0 5 1 0 4 0 1 2 4 5 3 5 3 2 2 3 1 4 5 0 | 10 14  0 4 1 0 7 1 0 9 1 1 5 1 1 6 1 1 9 1 2 5 1 2 7 1 2 8 1 3 6 2 3 8 1 4 8 1 4 9 1 5 7 1
R 65 30 45 6 192 3 4 5 1 3 5 2 0 1 4 0 2 1 2 3 4 0 1 2 3 1 0 2 3 3 2 0 1 0 4 0 1 2 2 0 4 3 4 5 5 1 3 4 5 5 | 10 14  0 4 1 0 7 1 0 9 1 1 5 1 1 6 2 2 5 1 2 7 1 2 8 1 3 6 1 3 8 1 3 9 1 4 8 1 4 9 1 5 7 1
R 66 30 45 NOT6 A+B chi=-1 | 10 14  0 4 2 0 8 1 1 5 1 1 6 1 1 8 1 2 5 1 2 7 1 2 9 1 3 6 1 3 7 1 3 9 1 4 8 1 5 7 1 6 9 1
R 67 30 45 NOT6 A+B chi=-1 | 10 14  0 4 2 0 8 1 1 5 1 1 6 1 1 9 1 2 5 1 2 7 1 2 9 1 3 6 1 3 7 1 3 9 1 4 8 1 5 7 1 6 8 1
R 68 30 45 6 268 3 4 5 2 1 3 0 4 1 0 4 2 1 2 3 3 0 1 4 1 3 4 0 2 1 0 4 0 3 5 0 1 2 4 0 5 5 2 3 5 3 1 5 4 2 | 10 15  0 4 1 0 7 1 0 8 1 1 5 1 1 6 1 1 7 1 2 5 1 2 6 1 2 7 1 3 6 1 3 8 1 3 9 1 4 8 1 4 9 1 5 9 1
R 69 30 45 6 692 3 4 5 0 3 2 0 5 1 1 2 4 1 2 3 2 5 3 0 2 5 1 0 3 4 1 3 4 2 1 0 1 2 1 4 5 4 2 3 3 5 0 4 5 0 | 10 15  0 4 1 0 6 1 0 7 1 1 5 1 1 7 1 1 8 1 2 5 1 2 8 1 2 9 1 3 6 1 3 7 1 3 8 1 4 6 1 4 9 1 5 9 1
R 70 30 45 6 83 3 4 5 3 0 4 1 3 2 2 1 0 1 2 3 4 1 0 0 2 5 3 0 1 0 2 3 1 2 4 0 1 2 2 1 5 5 4 0 3 4 5 4 5 3 | 10 15  0 4 1 0 6 1 0 7 1 1 5 1 1 8 1 1 9 1 2 5 1 2 8 1 2 9 1 3 6 1 3 7 1 3 8 1 4 6 1 4 7 1 5 9 1
R 71 30 45 6 39 3 4 5 0 1 2 3 0 4 1 0 2 1 2 3 4 5 1 1 3 2 0 2 3 3 2 0 1 0 4 0 1 2 3 4 5 2 5 1 4 5 3 4 5 0 | 10 15  0 4 1 0 7 1 0 9 1 1 5 1 1 6 1 1 7 1 2 5 1 2 6 1 2 8 1 3 7 1 3 8 1 3 9 1 4 8 1 4 9 1 5 6 1
R 72 30 45 6 78 3 4 5 0 4 2 1 5 0 1 2 5 1 2 3 2 1 0 0 2 3 1 0 4 5 0 2 3 1 4 0 1 2 3 5 1 4 3 2 4 3 0 4 5 5 | 10 15  0 4 1 0 6 1 0 7 1 1 5 1 1 7 1 1 8 1 2 5 1 2 8 1 2 9 1 3 6 1 3 7 1 3 9 1 4 8 1 4 9 1 5 6 1
R 73 30 45 6 233 3 4 5 0 1 2 3 0 4 0 1 5 1 2 3 2 3 1 2 4 5 1 0 4 0 3 1 3 5 0 0 1 2 4 3 5 5 2 1 3 4 2 5 4 0 | 10 15  0 4 1 0 6 1 0 7 1 1 5 1 1 7 1 1 8 1 2 5 1 2 8 1 2 9 1 3 6 1 3 8 1 3 9 1 4 7 1 4 9 1 5 6 1
R 74 30 45 6 43 3 4 5 0 1 2 0 3 5 1 0 2 1 2 3 2 3 5 3 1 2 0 2 5 1 0 3 4 0 1 0 1 2 4 5 3 1 4 2 4 5 3 4 5 0 | 10 15  0 4 1 0 7 1 0 8 1 1 5 1 1 6 1 1 7 1 2 5 1 2 8 1 2 9 1 3 6 1 3 8 1 3 9 1 4 7 1 4 9 1 5 6 1
R 75 30 45 6 44 3 4 5 1 3 2 0 3 1 2 5 0 1 2 3 2 0 1 0 2 5 0 1 3 4 5 3 2 0 1 0 1 2 4 5 0 5 2 4 4 1 3 4 5 3 | 10 15  0 4 1 0 6 1 0 7 1 1 5 1 1 7 1 1 8 1 2 5 1 2 8 1 2 9 1 3 7 1 3 8 1 3 9 1 4 6 1 4 9 1 5 6 1
R 76 30 45 NOT6 A+B chi=-1 | 10 12  0 4 1 0 5 1 0 9 1 1 6 1 1 7 1 1 9 1 2 6 1 2 8 2 3 7 2 3 8 1 4 5 2 6 9 1
R 77 30 45 NOT6 A+B chi=-1 | 10 12  0 4 1 0 5 1 0 9 1 1 6 1 1 7 2 2 6 1 2 8 2 3 7 1 3 8 1 3 9 1 4 5 2 6 9 1
R 78 30 45 6 39 3 4 5 3 4 5 0 1 2 1 0 2 1 2 3 0 2 5 2 1 4 2 0 5 0 1 3 0 1 4 0 1 2 0 1 2 3 5 4 3 4 5 4 5 3 | 10 13  0 4 1 0 5 1 0 8 1 1 6 1 1 7 1 1 9 1 2 6 2 2 8 1 3 7 2 3 8 1 4 5 1 4 9 1 5 9 1
R 79 30 45 6 133 3 4 5 3 4 5 1 0 5 1 0 2 1 2 3 0 2 5 1 5 4 2 0 5 0 1 3 1 4 0 0 1 2 0 2 1 3 4 2 3 4 5 4 5 3 | 10 13  0 4 1 0 5 1 0 8 1 1 6 2 1 7 1 2 6 1 2 8 1 2 9 1 3 7 2 3 8 1 4 5 1 4 9 1 5 9 1
R 80 30 45 NOT6 A+B chi=-1 | 10 13  0 4 1 0 5 1 0 8 1 1 6 1 1 7 2 2 6 1 2 8 1 2 9 1 3 7 1 3 8 1 3 9 1 4 5 2 6 9 1
R 81 30 45 6 162 3 4 5 4 0 3 5 1 2 0 2 1 1 2 3 0 2 5 2 1 0 1 0 4 5 2 3 4 1 0 0 1 2 5 1 2 3 4 0 3 4 5 4 5 3 | 10 14  0 4 1 0 5 1 0 7 1 1 6 1 1 8 1 1 9 1 2 6 2 2 8 1 3 7 1 3 8 1 3 9 1 4 5 1 4 7 1 5 9 1
R 82 30 45 NOT6 A+B chi=-1 | 10 12  0 3 1 0 6 1 0 9 1 1 4 1 1 7 1 1 9 1 2 5 1 2 8 1 2 9 1 3 6 2 4 7 2 5 8 2
R 83 30 45 NOT6 A+B chi=-1 | 10 13  0 3 1 0 6 1 0 8 1 1 4 1 1 7 1 1 9 1 2 5 1 2 8 1 2 9 1 3 6 2 4 7 2 5 8 1 5 9 1
R 84 30 45 NOT6 A+B chi=-1 | 10 14  0 3 1 0 6 1 0 7 1 1 4 1 1 7 1 1 8 1 2 5 1 2 8 1 2 9 1 3 6 2 4 7 1 4 9 1 5 8 1 5 9 1
R 85 30 45 6 44 3 4 5 1 3 2 1 0 4 1 2 3 2 4 1 5 3 0 0 2 3 1 0 2 0 3 4 0 1 2 0 1 2 0 4 5 2 5 3 4 5 5 3 1 4 | 10 15  0 3 1 0 6 1 0 8 1 1 4 1 1 6 1 1 7 1 2 5 1 2 6 1 2 7 1 3 7 1 3 9 1 4 8 1 4 9 1 5 8 1 5 9 1
R 86 30 45 6 56 3 4 5 1 5 2 0 4 1 1 2 3 0 2 4 1 5 0 0 2 3 0 3 5 1 3 4 0 1 3 0 1 2 3 4 0 3 5 2 4 5 1 5 2 4 | 10 15  0 3 1 0 6 1 0 9 1 1 4 1 1 6 1 1 8 1 2 5 1 2 6 1 2 7 1 3 7 1 3 8 1 4 7 1 4 9 1 5 8 1 5 9 1
R 87 30 45 6 131 3 4 5 1 0 2 1 0 2 1 2 3 2 5 1 4 5 0 0 2 5 1 0 3 4 1 3 0 4 2 0 1 2 4 3 5 3 4 5 4 5 0 3 2 1 | 10 15  0 3 1 0 6 1 0 7 1 1 4 1 1 6 1 1 7 1 2 5 1 2 7 1 2 8 1 3 6 1 3 9 1 4 8 1 4 9 1 5 8 1 5 9 1
R 88 30 45 6 39 3 4 5 1 0 2 1 4 2 1 2 3 2 3 5 0 5 1 0 2 5 0 3 4 1 3 2 1 3 4 0 1 2 4 3 5 3 5 0 4 5 1 0 4 2 | 10 15  0 3 1 0 6 1 0 7 1 1 4 1 1 6 1 1 8 1 2 5 1 2 7 1 2 9 1 3 6 1 3 9 1 4 7 1 4 8 1 5 8 1 5 9 1
R 89 30 45 6 85 3 4 5 1 0 2 0 3 5 1 2 3 2 3 1 4 1 5 0 2 5 1 0 3 4 1 2 4 3 2 0 1 2 4 3 5 2 4 1 4 5 5 0 3 0 | 10 15  0 3 1 0 6 1 0 7 1 1 4 1 1 6 1 1 9 1 2 5 1 2 7 1 2 9 1 3 6 1 3 8 1 4 7 1 4 8 1 5 8 1 5 9 1
R 90 30 45 6 89 3 4 5 2 5 0 0 1 2 1 2 3 0 1 3 0 2 5 3 5 2 1 0 4 4 0 1 2 1 4 0 1 2 4 1 3 4 3 5 4 5 2 5 3 0 | 10 15  0 3 1 0 5 1 0 7 1 1 4 1 1 6 1 1 9 1 2 6 1 2 7 1 2 8 1 3 5 1 3 7 1 4 8 1 4 9 1 5 8 1 6 9 1
R 91 30 45 6 39 3 4 5 1 5 3 0 1 2 1 2 3 0 3 1 0 2 5 2 5 3 1 0 4 3 0 2 2 1 0 0 1 2 2 0 4 4 3 5 4 5 4 5 3 1 | 10 15  0 3 1 0 5 1 0 7 1 1 4 1 1 6 1 1 9 1 2 6 1 2 7 1 2 8 1 3 5 1 3 7 1 4 8 1 4 9 1 5 9 1 6 8 1
