R 1 36 54 6 571 1 2 3 0 4 3 0 1 5 2 4 0 5 1 0 2 3 4 3 4 5 2 0 1 0 4 1 3 4 0 2 1 3 2 0 5 0 1 2 4 5 3 5 2 3 1 2 5 5 4 0 4 3 1 | 12 18  0 6 1 1 6 1 2 6 1 0 7 1 1 7 1 3 7 1 0 8 1 1 8 1 2 8 1 3 9 1 4 9 1 5 9 1 3 10 1 4 10 1 5 10 1 2 11 1 4 11 1 5 11 1
R 2 36 54 6 1269 1 2 3 0 2 5 0 1 3 2 3 4 5 0 4 0 1 5 3 4 5 2 0 1 0 1 3 1 2 5 0 4 3 5 0 2 0 1 2 4 3 5 5 4 2 4 0 3 5 1 2 1 3 4 | 12 18  0 6 1 1 6 1 2 6 1 0 7 1 1 7 1 3 7 1 0 8 1 1 8 1 4 8 1 2 9 1 3 9 1 5 9 1 2 10 1 4 10 1 5 10 1 3 11 1 4 11 1 5 11 1
R 3 36 54 6 84 1 2 3 0 2 4 0 1 4 2 3 0 1 3 5 5 4 0 3 4 5 2 0 1 1 0 2 1 0 3 0 3 4 4 5 2 0 1 2 4 3 5 5 3 4 5 4 2 5 2 1 1 0 3 | 12 18  0 6 1 1 6 1 2 6 1 0 7 1 1 7 1 3 7 1 0 8 1 2 8 1 4 8 1 1 9 1 3 9 1 5 9 1 2 10 1 4 10 1 5 10 1 3 11 1 4 11 1 5 11 1
R 4 36 54 6 54 1 2 3 0 2 4 0 1 4 2 3 1 1 2 3 0 4 5 3 4 5 2 0 1 4 1 3 1 0 2 0 2 3 4 2 1 0 1 2 4 3 5 5 0 2 5 3 4 5 4 1 0 5 3 | 12 18  0 6 1 1 6 1 2 6 1 0 7 1 1 7 1 3 7 1 0 8 1 4 8 1 5 8 1 1 9 1 2 9 1 4 9 1 2 10 1 3 10 1 5 10 1 3 11 1 4 11 1 5 11 1
R 5 36 54 6 860 1 2 3 0 2 4 0 1 3 2 3 4 4 0 1 5 1 2 3 4 5 2 0 1 1 4 2 0 1 3 1 2 3 2 4 0 0 1 2 4 3 5 5 3 0 5 2 4 4 0 5 5 1 3 | 12 18  0 6 1 1 6 1 2 6 1 0 7 1 1 7 1 3 7 1 0 8 1 4 8 1 5 8 1 1 9 1 4 9 1 5 9 1 2 10 1 3 10 1 4 10 1 2 11 1 3 11 1 5 11 1
R 6 36 54 6 78 3 4 5 1 2 3 0 2 1 0 4 5 4 3 1 1 2 3 0 2 4 0 1 5 4 1 2 3 0 1 3 2 5 4 0 1 0 1 5 2 4 3 0 5 3 4 2 5 1 0 4 2 5 3 | 12 18  0 5 1 0 6 1 1 6 1 0 7 1 1 7 1 2 7 1 1 8 1 2 8 1 3 8 1 2 9 1 3 9 1 4 9 1 3 10 1 4 10 1 5 10 1 4 11 1 5 11 1 6 11 1
R 7 36 54 6 271 3 4 5 1 2 0 4 0 3 2 1 3 2 4 0 1 2 3 0 2 4 2 4 5 1 3 0 2 1 0 0 3 4 2 0 1 0 1 5 3 1 0 4 2 5 5 4 3 2 5 1 4 3 5 | 12 18  0 5 1 0 6 1 1 6 1 1 7 1 2 7 1 3 7 1 1 8 1 2 8 1 4 8 1 2 9 1 5 9 1 6 9 1 0 10 1 3 10 1 4 10 1 3 11 1 4 11 1 5 11 1
R 8 36 54 6 136 3 4 5 0 1 2 3 4 0 1 4 5 3 2 0 1 2 3 2 0 5 1 0 4 0 4 1 2 4 0 3 1 2 3 0 5 0 1 4 2 3 5 5 2 3 1 3 5 5 0 4 2 1 4 | 12 18  0 5 1 0 6 1 1 6 1 0 7 1 1 7 1 5 7 1 1 8 1 2 8 1 6 8 1 2 9 1 3 9 1 4 9 1 2 10 1 3 10 1 4 10 1 3 11 1 4 11 1 5 11 1
R 9 36 54 6 154 3 4 5 2 1 0 2 4 0 1 5 2 0 5 3 1 2 3 0 2 3 1 0 4 3 2 0 2 0 1 4 1 5 3 2 0 0 1 4 2 3 5 5 1 4 3 4 5 3 0 2 5 4 1 | 12 18  0 5 1 0 6 1 1 6 1 0 7 1 1 7 1 6 7 1 1 8 1 2 8 1 5 8 1 3 9 1 4 9 1 5 9 1 2 10 1 3 10 1 4 10 1 2 11 1 3 11 1 4 11 1
R 10 36 54 6 64 3 4 5 1 2 5 0 2 4 0 3 5 2 4 1 1 2 3 0 2 3 1 0 4 2 3 1 1 0 2 3 5 4 2 4 0 0 1 4 2 3 5 0 4 5 3 5 4 1 2 0 1 3 5 | 12 18  0 5 1 0 6 1 1 6 1 0 7 1 2 7 1 6 7 1 1 8 1 3 8 1 4 8 1 1 9 1 2 9 1 5 9 1 2 10 1 3 10 1 4 10 1 3 11 1 4 11 1 5 11 1
R 11 36 54 6 217 3 4 5 1 3 2 1 0 4 1 5 0 4 2 1 1 2 3 4 5 3 0 2 3 1 0 2 0 1 3 5 4 2 4 1 0 0 0 2 1 4 5 5 3 4 2 4 5 3 0 1 2 3 5 | 12 18  0 5 1 1 6 1 2 6 1 0 7 1 1 7 1 2 7 1 1 8 1 2 8 1 5 8 1 0 9 1 3 9 1 4 9 1 3 10 1 4 10 1 6 10 1 3 11 1 4 11 1 5 11 1
R 12 36 54 6 500 3 4 5 1 0 2 1 3 2 1 0 2 0 4 1 1 2 3 2 4 5 0 2 3 1 0 3 1 0 2 4 0 2 3 1 0 0 3 0 1 4 5 2 5 4 5 3 4 3 5 1 4 2 5 | 12 18  0 5 1 1 6 1 2 6 1 0 7 1 1 7 1 3 7 1 0 8 1 1 8 1 2 8 1 2 9 1 4 9 1 5 9 1 3 10 1 4 10 1 6 10 1 3 11 1 4 11 1 5 11 1
R 13 36 54 6 75 3 4 5 1 5 2 0 2 4 0 1 4 3 1 5 1 2 3 4 0 1 0 2 3 1 0 5 1 5 4 3 0 5 3 1 4 0 3 5 1 4 5 2 3 4 3 0 2 1 2 4 0 2 5 | 12 18  0 5 1 1 6 1 2 6 1 0 7 1 1 7 1 3 7 1 0 8 1 2 8 1 4 8 1 3 9 1 4 9 1 6 9 1 2 10 1 3 10 1 5 10 1 1 11 1 4 11 1 5 11 1
R 14 36 54 6 276 3 4 5 1 3 2 4 3 5 0 1 2 4 0 1 1 2 3 5 4 2 0 2 3 1 0 2 1 0 3 0 1 4 4 1 5 0 0 1 1 4 5 5 3 4 2 4 5 2 3 5 0 2 3 | 12 18  0 5 1 1 6 1 2 6 1 0 7 1 1 7 1 3 7 1 1 8 1 4 8 1 5 8 1 0 9 1 3 9 1 4 9 1 2 10 1 3 10 1 5 10 1 2 11 1 4 11 1 6 11 1
R 15 36 54 6 455 3 4 5 1 3 2 4 2 5 0 1 2 4 0 1 1 2 3 5 4 1 0 2 3 1 0 2 1 0 3 3 1 4 4 0 5 0 0 3 1 4 5 5 3 4 2 4 5 0 2 5 1 3 2 | 12 18  0 5 1 1 6 1 2 6 1 0 7 1 1 7 1 3 7 1 1 8 1 4 8 1 5 8 1 0 9 1 3 9 1 4 9 1 2 10 1 4 10 1 5 10 1 2 11 1 3 11 1 6 11 1
R 16 36 54 6 94 3 4 5 0 1 2 2 0 1 3 5 1 0 4 5 1 2 3 5 2 1 4 1 0 0 2 3 0 1 5 2 3 5 3 4 1 0 3 4 5 3 2 1 4 5 2 4 3 1 4 0 0 2 5 | 12 18  0 5 1 1 6 1 2 6 1 1 7 1 2 7 1 3 7 1 0 8 1 1 8 1 2 8 1 0 9 1 3 9 1 4 9 1 4 10 1 5 10 1 6 10 1 3 11 1 4 11 1 5 11 1
R 17 36 54 6 48 3 4 5 3 4 2 2 1 0 3 0 1 4 0 2 1 2 3 0 2 4 1 4 5 0 2 3 2 0 1 3 2 0 1 0 4 0 1 5 0 3 2 1 5 4 4 5 3 5 1 4 2 3 5 | 12 18  0 5 1 1 6 1 2 6 1 1 7 1 2 7 1 3 7 1 0 8 1 1 8 1 2 8 1 3 9 1 4 9 1 6 9 1 3 10 1 4 10 1 5 10 1 0 11 1 4 11 1 5 11 1
R 18 36 54 6 153 3 4 5 1 5 2 0 5 3 2 0 1 4 0 2 1 2 3 2 0 1 5 4 1 0 3 2 0 2 3 3 2 0 1 0 4 0 3 4 0 2 3 4 1 5 1 4 5 5 1 4 2 3 5 | 12 18  0 5 1 1 6 1 2 6 1 1 7 1 2 7 1 3 7 1 1 8 1 2 8 1 4 8 1 0 9 1 3 9 1 6 9 1 3 10 1 4 10 1 5 10 1 0 11 1 4 11 1 5 11 1
R 19 36 54 6 1629 2 3 4 3 0 4 1 2 3 2 0 1 0 1 5 1 4 5 5 2 3 0 1 4 1 2 4 3 5 1 3 0 4 0 1 2 0 1 4 2 5 3 5 0 3 4 2 0 1 5 2 5 4 3 | 12 18  0 5 1 1 6 1 2 6 1 1 7 1 2 7 1 3 7 1 1 8 1 2 8 1 4 8 1 3 9 1 4 9 1 6 9 1 0 10 1 3 10 1 5 10 1 0 11 1 4 11 1 5 11 1
R 20 36 54 6 91 3 4 5 0 1 4 0 5 4 1 2 3 0 1 2 1 2 3 4 5 1 0 2 3 0 1 4 1 3 5 3 0 2 1 2 4 0 3 2 1 4 5 2 5 3 2 0 4 5 1 4 3 5 0 | 12 18  0 5 1 1 6 1 2 6 1 0 7 1 3 7 1 4 7 1 0 8 1 3 8 1 4 8 1 1 9 1 3 9 1 4 9 1 1 10 1 2 10 1 5 10 1 2 11 1 5 11 1 6 11 1
R 21 36 54 6 129 3 4 5 0 4 3 1 0 4 1 5 2 0 4 2 1 2 3 2 1 4 4 2 3 0 4 5 1 0 4 3 0 5 1 2 3 0 5 3 1 0 5 1 2 3 2 3 5 2 1 4 5 4 0 | 12 18  0 5 1 1 6 1 2 6 1 1 7 1 3 7 1 4 7 1 0 8 1 1 8 1 3 8 1 0 9 1 4 9 1 5 9 1 2 10 1 4 10 1 5 10 1 2 11 1 3 11 1 6 11 1
R 22 36 54 6 51 3 4 5 1 4 5 0 3 2 2 0 1 4 0 2 1 2 3 2 0 1 3 2 1 3 0 4 0 2 4 0 3 2 1 0 4 0 3 4 0 4 5 2 1 5 1 5 3 1 4 5 2 3 5 | 12 18  0 5 1 1 6 1 2 6 1 1 7 1 3 7 1 4 7 1 1 8 1 2 8 1 3 8 1 0 9 1 2 9 1 3 9 1 4 10 1 5 10 1 6 10 1 0 11 1 4 11 1 5 11 1
R 23 36 54 6 976 2 3 4 3 0 4 5 1 0 2 3 4 2 0 1 1 4 5 2 5 0 0 1 4 2 1 3 5 3 0 3 0 4 0 1 2 0 1 3 2 5 3 5 4 0 2 1 4 1 5 2 5 3 4 | 12 18  0 5 1 1 6 1 2 6 1 1 7 1 3 7 1 4 7 1 1 8 1 2 8 1 3 8 1 2 9 1 3 9 1 4 9 1 0 10 1 4 10 1 5 10 1 0 11 1 5 11 1 6 11 1
R 24 36 54 6 98 3 4 5 3 5 2 2 0 1 1 5 0 4 0 2 1 2 3 1 2 4 0 1 2 0 3 5 2 0 3 3 2 0 1 0 4 0 0 3 4 3 5 1 4 2 1 4 5 5 1 4 2 3 5 | 12 18  0 5 1 1 6 1 2 6 1 1 7 1 3 7 1 4 7 1 1 8 1 2 8 1 3 8 1 0 9 1 3 9 1 6 9 1 2 10 1 4 10 1 5 10 1 0 11 1 4 11 1 5 11 1
R 25 36 54 6 690 2 3 4 2 0 1 3 4 5 5 0 1 2 3 5 1 4 3 1 4 0 3 5 1 3 0 4 2 0 3 4 1 2 0 3 2 0 3 2 4 2 0 1 5 2 5 4 1 0 3 5 1 4 5 | 12 18  0 5 1 1 6 1 2 6 1 1 7 1 3 7 1 4 7 1 0 8 1 1 8 1 5 8 1 0 9 1 3 9 1 4 9 1 2 10 1 3 10 1 5 10 1 2 11 1 4 11 1 6 11 1
R 26 36 54 6 129 2 3 4 0 1 3 3 2 0 0 1 2 1 4 5 1 4 3 4 3 0 3 0 4 1 0 3 2 1 0 2 0 4 3 5 2 0 2 5 1 5 2 5 4 2 4 3 5 5 1 3 4 0 1 | 12 18  0 5 1 1 6 1 2 6 1 0 7 1 3 7 1 5 7 1 0 8 1 3 8 1 4 8 1 1 9 1 4 9 1 5 9 1 1 10 1 2 10 1 3 10 1 2 11 1 4 11 1 6 11 1
R 27 36 54 6 107 2 3 4 2 0 4 1 2 3 0 1 2 5 3 0 1 4 3 3 4 5 3 0 4 1 0 4 3 0 2 0 1 2 1 3 0 0 1 0 1 5 2 5 3 2 4 1 5 3 5 4 5 4 2 | 12 18  0 5 1 1 6 1 2 6 1 0 7 1 3 7 1 5 7 1 0 8 1 3 8 1 4 8 1 3 9 1 4 9 1 5 9 1 1 10 1 2 10 1 4 10 1 1 11 1 2 11 1 6 11 1
R 28 36 54 6 117 2 3 4 0 1 3 0 5 4 0 1 2 1 3 2 1 4 5 2 5 1 3 0 4 0 1 2 1 5 4 3 1 0 2 4 3 0 4 3 1 5 2 5 4 3 2 3 0 2 4 5 5 1 0 | 12 18  0 5 1 1 6 1 2 6 1 0 7 1 3 7 1 5 7 1 0 8 1 4 8 1 5 8 1 1 9 1 3 9 1 4 9 1 2 10 1 3 10 1 4 10 1 1 11 1 2 11 1 6 11 1
R 29 36 54 6 582 3 4 5 5 0 1 5 2 4 3 0 1 4 0 2 1 2 3 4 3 0 0 2 4 3 5 1 0 1 2 3 2 0 1 0 4 0 2 1 1 3 5 4 0 2 3 4 5 5 1 4 2 3 5 | 12 18  0 5 1 1 6 1 2 6 1 0 7 1 1 7 1 6 7 1 1 8 1 2 8 1 3 8 1 2 9 1 3 9 1 4 9 1 3 10 1 4 10 1 5 10 1 0 11 1 4 11 1 5 11 1
R 30 36 54 6 3226 3 4 5 0 4 1 1 0 2 5 2 4 3 0 5 1 2 3 2 1 3 2 4 5 0 5 1 3 4 0 3 5 2 1 0 4 0 5 4 1 3 0 2 3 4 5 1 2 0 1 4 2 3 5 | 12 18  0 5 1 1 6 1 2 6 1 0 7 1 1 7 1 6 7 1 1 8 1 3 8 1 4 8 1 2 9 1 3 9 1 4 9 1 3 10 1 4 10 1 5 10 1 0 11 1 2 11 1 5 11 1
R 31 36 54 6 118 3 4 5 1 5 2 0 5 3 0 2 1 4 0 1 1 2 3 2 0 1 0 2 3 1 0 4 3 1 2 5 1 0 0 4 3 0 3 4 1 4 5 2 3 5 0 4 5 2 3 4 1 5 2 | 12 18  0 5 1 1 6 1 2 6 1 0 7 1 1 7 1 6 7 1 0 8 1 3 8 1 5 8 1 1 9 1 3 9 1 4 9 1 2 10 1 4 10 1 5 10 1 2 11 1 3 11 1 4 11 1
R 32 36 54 6 3312 3 4 5 0 1 2 3 4 0 2 3 5 4 0 1 1 2 3 2 4 5 4 3 1 0 2 3 0 3 1 3 0 5 2 1 4 0 3 1 5 2 0 1 4 5 2 4 5 1 2 4 0 3 5 | 12 18  0 5 1 1 6 1 2 6 1 1 7 1 2 7 1 6 7 1 0 8 1 1 8 1 2 8 1 0 9 1 3 9 1 4 9 1 3 10 1 4 10 1 5 10 1 3 11 1 4 11 1 5 11 1
R 33 36 54 6 107 3 4 5 0 1 2 5 2 4 0 1 4 3 2 0 1 2 3 4 5 0 1 4 3 0 2 3 1 0 5 1 0 2 3 0 4 0 3 1 5 0 2 1 4 5 2 3 4 3 5 4 2 1 5 | 12 18  0 5 1 1 6 1 2 6 1 1 7 1 2 7 1 6 7 1 0 8 1 1 8 1 3 8 1 0 9 1 3 9 1 4 9 1 2 10 1 4 10 1 5 10 1 3 11 1 4 11 1 5 11 1
R 34 36 54 6 74 3 4 5 1 4 5 1 0 2 3 1 4 0 2 4 1 2 3 2 5 4 4 3 0 0 4 2 1 0 4 1 3 2 3 0 5 0 0 3 2 5 1 1 3 5 2 3 5 4 0 5 2 1 4 | 12 18  0 5 1 1 6 1 2 6 1 1 7 1 2 7 1 6 7 1 0 8 1 1 8 1 3 8 1 0 9 1 4 9 1 5 9 1 2 10 1 3 10 1 4 10 1 3 11 1 4 11 1 5 11 1
R 35 36 54 6 107 2 3 4 2 0 1 3 4 5 1 5 0 0 5 2 1 4 3 1 4 0 0 3 2 3 0 4 0 1 2 2 3 5 4 1 0 0 3 2 4 1 5 1 5 2 5 3 4 0 4 1 2 3 5 | 12 18  0 5 1 1 6 1 2 6 1 1 7 1 2 7 1 6 7 1 0 8 1 1 8 1 5 8 1 0 9 1 3 9 1 4 9 1 2 10 1 3 10 1 4 10 1 3 11 1 4 11 1 5 11 1
R 36 36 54 6 102 3 4 5 0 5 2 1 4 5 1 2 3 4 1 0 1 2 3 2 1 0 0 2 3 1 0 4 4 0 3 1 5 2 3 1 4 0 4 3 1 4 5 2 3 5 1 2 5 0 3 4 0 2 5 | 12 18  0 5 1 1 6 1 2 6 1 0 7 1 3 7 1 6 7 1 0 8 1 1 8 1 3 8 1 1 9 1 2 9 1 4 9 1 3 10 1 4 10 1 5 10 1 2 11 1 4 11 1 5 11 1
R 37 36 54 6 152 3 4 5 0 5 2 1 5 0 1 2 3 0 1 4 1 2 3 2 1 0 0 2 3 1 0 4 3 0 2 4 5 1 3 1 0 0 4 3 1 4 5 2 3 5 1 5 4 2 0 3 4 2 5 | 12 18  0 5 1 1 6 1 2 6 1 0 7 1 3 7 1 6 7 1 0 8 1 1 8 1 3 8 1 1 9 1 4 9 1 5 9 1 2 10 1 3 10 1 4 10 1 2 11 1 4 11 1 5 11 1
R 38 36 54 6 80 3 4 5 0 2 4 3 4 5 1 2 0 1 5 0 1 2 3 1 4 0 0 2 3 1 0 3 3 0 2 1 4 5 2 0 4 0 3 2 1 4 5 2 5 4 1 5 4 0 3 2 1 3 5 | 12 18  0 5 1 1 6 1 2 6 1 0 7 1 3 7 1 6 7 1 0 8 1 1 8 1 4 8 1 1 9 1 3 9 1 5 9 1 2 10 1 3 10 1 4 10 1 2 11 1 4 11 1 5 11 1
R 39 36 54 6 589 3 4 5 0 5 1 1 5 0 1 2 3 0 2 4 1 2 3 3 1 0 0 2 3 0 1 4 4 2 1 5 2 0 3 0 1 0 2 4 1 4 5 2 5 3 3 0 5 3 1 4 4 2 5 | 12 18  0 5 1 1 6 1 2 6 1 0 7 1 3 7 1 6 7 1 0 8 1 3 8 1 4 8 1 1 9 1 3 9 1 4 9 1 2 10 1 4 10 1 5 10 1 1 11 1 2 11 1 5 11 1
R 40 36 54 6 353 3 4 5 5 0 4 5 1 2 1 2 3 1 0 3 1 2 3 3 1 0 0 2 3 2 3 4 1 2 0 0 1 4 3 1 5 0 2 4 1 4 5 1 0 5 3 5 4 3 2 5 2 0 4 | 12 18  0 5 1 1 6 1 2 6 1 0 7 1 3 7 1 6 7 1 1 8 1 3 8 1 4 8 1 1 9 1 3 9 1 5 9 1 2 10 1 4 10 1 5 10 1 0 11 1 2 11 1 4 11 1
R 41 36 54 6 201 3 4 5 0 1 2 0 3 1 1 4 2 4 5 0 1 2 3 2 3 1 2 4 5 1 0 4 3 0 2 3 0 1 5 4 1 0 4 5 1 3 0 2 3 5 5 4 1 5 2 4 2 0 3 | 12 18  0 5 1 1 6 1 2 6 1 0 7 1 3 7 1 6 7 1 0 8 1 1 8 1 5 8 1 1 9 1 2 9 1 4 9 1 3 10 1 4 10 1 5 10 1 2 11 1 3 11 1 4 11 1
R 42 36 54 6 119 3 4 5 0 1 2 0 3 4 0 1 5 2 4 1 1 2 3 2 3 1 2 4 5 1 0 4 4 0 1 3 1 0 2 5 3 0 4 5 1 3 0 2 3 5 5 2 3 2 5 4 1 4 0 | 12 18  0 5 1 1 6 1 2 6 1 0 7 1 3 7 1 6 7 1 0 8 1 1 8 1 5 8 1 1 9 1 3 9 1 4 9 1 2 10 1 4 10 1 5 10 1 2 11 1 3 11 1 4 11 1
R 43 36 54 6 127 3 4 5 5 4 3 0 1 2 2 0 4 1 0 2 1 2 3 2 0 4 4 2 1 1 0 3 0 2 3 3 2 0 1 0 4 0 1 3 0 3 5 2 4 5 1 5 4 1 5 4 2 3 5 | 12 18  0 5 1 1 6 1 2 6 1 1 7 1 3 7 1 6 7 1 1 8 1 2 8 1 3 8 1 0 9 1 2 9 1 4 9 1 3 10 1 4 10 1 5 10 1 0 11 1 4 11 1 5 11 1
R 44 36 54 6 266 3 4 5 0 4 2 3 0 1 4 0 2 2 0 1 1 2 3 2 3 5 1 4 2 0 1 4 2 0 3 3 0 2 1 0 4 0 1 4 3 5 0 5 2 3 1 5 4 1 5 4 2 3 5 | 12 18  0 5 1 1 6 1 2 6 1 1 7 1 3 7 1 6 7 1 1 8 1 2 8 1 4 8 1 0 9 1 2 9 1 4 9 1 3 10 1 4 10 1 5 10 1 0 11 1 3 11 1 5 11 1
R 45 36 54 6 110 2 3 4 2 0 1 3 4 1 4 3 5 0 5 1 1 4 3 1 4 0 0 3 1 3 0 4 2 1 4 3 1 2 0 3 4 0 3 2 4 2 5 1 5 2 5 0 3 0 4 5 5 1 2 | 12 18  0 5 1 1 6 1 2 6 1 1 7 1 3 7 1 6 7 1 0 8 1 1 8 1 5 8 1 0 9 1 2 9 1 4 9 1 3 10 1 4 10 1 5 10 1 2 11 1 3 11 1 4 11 1
R 46 36 54 6 95 3 4 5 1 3 2 0 4 1 1 0 4 3 2 5 1 2 3 2 4 1 4 3 0 0 2 3 1 0 2 3 1 4 3 0 1 0 0 3 2 1 5 1 4 5 5 3 4 2 5 0 2 4 5 | 12 18  0 5 1 1 6 1 2 6 1 3 7 1 4 7 1 6 7 1 0 8 1 1 8 1 3 8 1 1 9 1 3 9 1 5 9 1 0 10 1 2 10 1 4 10 1 2 11 1 4 11 1 5 11 1
R 47 36 54 6 167 3 4 5 0 3 2 2 0 1 5 0 1 4 0 2 1 2 3 1 2 4 2 1 3 5 3 0 0 2 5 3 2 0 1 0 4 0 5 3 4 5 0 1 4 2 1 4 3 5 1 4 2 3 5 | 12 18  0 5 1 1 6 1 2 6 1 3 7 1 4 7 1 6 7 1 1 8 1 2 8 1 3 8 1 0 9 1 1 9 1 3 9 1 2 10 1 4 10 1 5 10 1 0 11 1 4 11 1 5 11 1
R 48 36 54 6 140 2 3 4 1 4 5 0 5 2 2 0 1 0 1 3 1 4 3 2 0 1 0 3 4 0 1 4 1 2 3 4 0 1 3 0 2 0 3 4 1 2 5 5 2 3 0 4 5 3 2 5 1 5 4 | 12 18  0 5 1 1 6 1 2 6 1 0 7 1 5 7 1 6 7 1 0 8 1 1 8 1 2 8 1 1 9 1 3 9 1 4 9 1 3 10 1 4 10 1 5 10 1 2 11 1 3 11 1 4 11 1
R 49 36 54 6 54 2 3 4 1 4 5 0 3 1 0 2 5 5 0 1 1 4 3 2 0 1 0 3 4 0 1 3 2 1 3 4 1 0 0 5 4 0 3 4 1 2 5 5 2 4 0 5 4 3 2 5 2 1 3 | 12 18  0 5 1 1 6 1 2 6 1 0 7 1 5 7 1 6 7 1 0 8 1 1 8 1 3 8 1 1 9 1 2 9 1 4 9 1 3 10 1 4 10 1 5 10 1 2 11 1 3 11 1 4 11 1
R 50 36 54 6 105 1 2 3 0 2 3 0 4 2 1 2 3 1 0 5 3 4 5 2 0 5 3 5 2 4 0 1 0 1 2 1 2 0 4 0 3 0 1 4 1 0 4 5 3 2 5 4 3 4 5 3 5 2 1 | 12 18  0 5 1 1 5 1 0 6 1 2 6 1 3 7 1 4 7 1 0 8 1 2 8 1 5 8 1 2 9 1 3 9 1 6 9 1 1 10 1 3 10 1 4 10 1 1 11 1 4 11 1 7 11 1
R 51 36 54 6 1105 1 2 3 0 2 3 1 5 2 0 5 4 0 4 1 3 4 5 2 5 3 2 4 5 4 1 0 0 1 3 2 0 4 5 1 3 0 1 4 0 1 3 5 3 2 5 4 2 3 5 1 4 2 0 | 12 18  0 5 1 1 5 1 0 6 1 2 6 1 3 7 1 4 7 1 1 8 1 2 8 1 5 8 1 0 9 1 2 9 1 3 9 1 3 10 1 4 10 1 6 10 1 1 11 1 4 11 1 7 11 1
R 52 36 54 6 114 1 2 3 0 2 4 0 4 3 1 0 2 1 5 3 3 4 5 2 0 5 4 5 0 3 1 0 0 4 1 0 1 2 4 3 2 0 1 4 1 3 2 5 4 2 5 3 2 5 4 3 5 0 1 | 12 18  0 5 1 1 5 1 0 6 1 2 6 1 3 7 1 4 7 1 1 8 1 3 8 1 5 8 1 0 9 1 1 9 1 2 9 1 2 10 1 4 10 1 6 10 1 3 11 1 4 11 1 7 11 1
R 53 36 54 6 72 3 4 5 1 3 2 1 0 4 0 2 4 1 2 3 2 4 1 3 5 1 0 2 3 1 0 2 1 0 4 1 2 4 0 3 2 0 0 2 1 4 5 5 3 4 2 5 3 3 5 0 1 5 4 | 12 18  0 4 1 1 5 1 2 6 1 0 7 1 1 7 1 2 7 1 1 8 1 2 8 1 4 8 1 0 9 1 3 9 1 5 9 1 3 10 1 4 10 1 6 10 1 3 11 1 5 11 1 6 11 1
R 54 36 54 6 65 3 4 5 1 0 2 1 3 2 0 1 4 1 2 3 2 4 5 2 5 1 0 2 3 1 0 3 1 0 2 0 5 3 1 4 2 0 3 0 1 4 5 2 5 4 5 3 4 2 1 4 5 0 3 | 12 18  0 4 1 1 5 1 2 6 1 0 7 1 1 7 1 3 7 1 0 8 1 1 8 1 2 8 1 2 9 1 3 9 1 4 9 1 3 10 1 5 10 1 6 10 1 4 11 1 5 11 1 6 11 1
R 55 36 54 6 74 3 4 5 1 0 2 1 5 2 0 1 3 1 2 3 4 2 0 4 2 1 0 2 3 1 0 3 0 1 2 1 2 0 4 0 3 0 3 0 1 4 5 2 5 4 3 4 5 4 5 3 2 1 5 | 12 18  0 4 1 1 5 1 2 6 1 0 7 1 1 7 1 3 7 1 0 8 1 1 8 1 2 8 1 2 9 1 4 9 1 5 9 1 3 10 1 4 10 1 6 10 1 3 11 1 5 11 1 6 11 1
R 56 36 54 6 542 3 4 5 1 0 2 1 0 2 1 0 4 1 2 3 4 5 0 2 5 1 0 2 3 1 0 3 0 3 5 1 0 3 1 4 2 0 3 3 1 4 5 2 5 4 2 4 1 5 2 4 5 3 0 | 12 18  0 4 1 1 5 1 2 6 1 0 7 1 1 7 1 3 7 1 0 8 1 1 8 1 2 8 1 3 9 1 4 9 1 5 9 1 4 10 1 5 10 1 6 10 1 2 11 1 3 11 1 6 11 1
R 57 36 54 6 220 3 4 5 1 3 2 0 2 4 0 4 3 1 2 3 2 5 1 4 1 2 0 2 3 1 0 2 0 3 5 4 1 0 2 5 4 0 0 5 1 4 5 5 3 4 2 1 4 2 5 3 1 3 0 | 12 18  0 4 1 1 5 1 2 6 1 0 7 1 1 7 1 3 7 1 1 8 1 2 8 1 4 8 1 0 9 1 2 9 1 5 9 1 3 10 1 4 10 1 6 10 1 3 11 1 5 11 1 6 11 1
R 58 36 54 6 55 3 4 5 1 3 2 0 1 4 0 1 2 1 2 3 4 5 1 3 5 0 0 2 3 1 0 2 1 3 0 0 1 5 0 2 4 0 0 2 1 4 5 5 3 4 4 5 2 2 3 4 5 3 1 | 12 18  0 4 1 1 5 1 2 6 1 0 7 1 1 7 1 3 7 1 1 8 1 2 8 1 4 8 1 3 9 1 4 9 1 5 9 1 0 10 1 3 10 1 6 10 1 2 11 1 5 11 1 6 11 1
R 59 36 54 6 57 3 4 5 1 3 2 0 1 4 0 1 2 1 2 3 5 4 1 3 5 0 0 2 3 1 0 2 1 3 0 0 1 5 0 2 4 0 0 2 1 4 5 5 3 4 4 5 2 2 3 4 5 3 1 | 12 18  0 4 1 1 5 1 2 6 1 0 7 1 1 7 1 3 7 1 1 8 1 2 8 1 4 8 1 3 9 1 4 9 1 5 9 1 0 10 1 5 10 1 6 10 1 2 11 1 3 11 1 6 11 1
R 60 36 54 6 955 3 4 5 1 3 2 0 1 4 4 0 1 1 2 3 4 2 3 3 5 0 0 2 3 1 0 2 0 2 4 0 3 1 3 0 4 0 0 2 1 4 5 5 3 4 3 5 1 2 5 4 5 2 1 | 12 18  0 4 1 1 5 1 2 6 1 0 7 1 1 7 1 3 7 1 1 8 1 2 8 1 4 8 1 3 9 1 4 9 1 6 9 1 0 10 1 5 10 1 6 10 1 2 11 1 3 11 1 5 11 1
R 61 36 54 6 142 3 4 5 1 3 2 0 4 5 0 1 4 1 2 3 2 4 3 1 5 0 0 2 3 1 0 2 1 0 4 0 3 5 0 2 4 0 0 2 1 4 5 5 3 4 2 3 5 2 1 4 1 5 3 | 12 18  0 4 1 1 5 1 2 6 1 0 7 1 1 7 1 3 7 1 1 8 1 3 8 1 4 8 1 0 9 1 2 9 1 5 9 1 3 10 1 5 10 1 6 10 1 2 11 1 4 11 1 6 11 1
R 62 36 54 6 124 3 4 5 2 3 1 0 1 4 0 1 5 1 2 3 0 1 2 4 3 5 0 2 3 0 1 4 2 5 1 4 1 3 0 2 4 0 4 2 1 5 4 2 5 3 0 3 4 2 5 0 5 3 1 | 12 18  0 4 1 1 5 1 2 6 1 0 7 1 1 7 1 3 7 1 0 8 1 4 8 1 5 8 1 1 9 1 2 9 1 4 9 1 3 10 1 5 10 1 6 10 1 2 11 1 3 11 1 6 11 1
R 63 36 54 6 400 3 4 5 2 3 1 0 2 4 1 5 0 1 2 3 0 1 2 4 1 5 0 2 3 0 1 4 2 4 3 5 3 1 1 0 4 0 4 3 1 5 4 2 5 3 0 1 5 2 4 0 5 3 2 | 12 18  0 4 1 1 5 1 2 6 1 0 7 1 1 7 1 3 7 1 0 8 1 4 8 1 5 8 1 1 9 1 2 9 1 5 9 1 3 10 1 4 10 1 6 10 1 2 11 1 3 11 1 6 11 1
R 64 36 54 6 51 2 3 4 0 2 1 1 0 3 0 4 5 1 4 3 1 4 2 3 5 1 3 0 4 0 1 3 2 0 1 3 2 4 1 2 3 0 3 2 1 5 2 5 4 2 4 3 5 1 5 0 5 0 4 | 12 18  0 4 1 1 5 1 2 6 1 0 7 1 1 7 1 4 7 1 0 8 1 1 8 1 3 8 1 2 9 1 3 9 1 4 9 1 3 10 1 5 10 1 6 10 1 2 11 1 5 11 1 6 11 1
R 65 36 54 6 555 2 3 4 0 2 1 1 2 3 4 0 1 1 4 5 1 4 0 4 3 2 3 0 4 0 1 2 1 4 3 0 3 5 2 4 1 0 3 5 1 5 2 5 4 3 0 5 2 4 2 1 3 5 0 | 12 18  0 4 1 1 5 1 2 6 1 0 7 1 1 7 1 4 7 1 0 8 1 2 8 1 4 8 1 2 9 1 3 9 1 5 9 1 1 10 1 3 10 1 6 10 1 3 11 1 5 11 1 6 11 1
R 66 36 54 6 114 2 3 4 0 2 1 3 0 4 0 2 3 1 4 5 5 1 0 2 5 4 3 0 4 0 1 2 0 3 1 4 5 3 1 2 0 0 3 1 1 5 2 5 3 4 4 2 5 1 2 0 5 4 3 | 12 18  0 4 1 1 5 1 2 6 1 0 7 1 1 7 1 4 7 1 0 8 1 4 8 1 5 8 1 1 9 1 2 9 1 3 9 1 3 10 1 5 10 1 6 10 1 2 11 1 3 11 1 6 11 1
R 67 36 54 6 109 2 3 4 1 0 4 0 1 5 0 1 2 1 4 3 3 4 5 5 2 0 3 0 4 0 1 2 1 2 4 0 2 3 0 3 5 0 2 3 1 5 2 5 3 4 5 3 0 5 1 4 2 4 1 | 12 18  0 4 1 1 5 1 2 6 1 0 7 1 3 7 1 4 7 1 0 8 1 1 8 1 2 8 1 1 9 1 3 9 1 5 9 1 4 10 1 5 10 1 6 10 1 2 11 1 3 11 1 6 11 1
R 68 36 54 6 61 2 3 4 1 0 3 1 5 4 0 1 2 1 4 5 3 4 5 0 4 3 3 0 4 0 1 2 2 4 0 1 4 2 3 2 5 0 2 2 1 5 2 5 4 3 5 3 1 3 0 5 0 4 1 | 12 18  0 4 1 1 5 1 2 6 1 0 7 1 3 7 1 4 7 1 0 8 1 1 8 1 4 8 1 1 9 1 2 9 1 5 9 1 3 10 1 5 10 1 6 10 1 2 11 1 3 11 1 6 11 1
R 69 36 54 6 131 2 3 4 1 0 3 2 4 5 0 1 2 1 4 5 3 4 1 5 3 0 3 0 4 0 1 2 1 2 4 0 1 2 3 1 5 0 2 1 1 5 2 5 4 3 5 3 0 3 5 4 0 4 2 | 12 18  0 4 1 1 5 1 2 6 1 0 7 1 3 7 1 4 7 1 0 8 1 1 8 1 4 8 1 1 9 1 3 9 1 5 9 1 2 10 1 5 10 1 6 10 1 2 11 1 3 11 1 6 11 1
R 70 36 54 6 68 2 3 4 2 0 4 0 1 2 0 1 3 1 4 5 3 4 5 5 2 0 3 0 4 1 0 2 1 0 4 1 3 2 0 5 3 0 1 3 1 5 2 5 4 3 3 5 2 5 0 4 4 2 1 | 12 18  0 4 1 1 5 1 2 6 1 0 7 1 3 7 1 4 7 1 0 8 1 3 8 1 4 8 1 1 9 1 2 9 1 3 9 1 1 10 1 5 10 1 6 10 1 2 11 1 5 11 1 6 11 1
R 71 36 54 6 4074 2 3 4 1 4 5 2 1 5 0 1 2 1 4 3 5 2 3 5 4 3 3 0 4 0 1 2 3 0 1 5 4 0 0 2 5 0 0 0 1 5 2 5 3 4 2 4 5 3 1 2 3 4 1 | 12 18  0 4 1 1 5 1 2 6 1 0 7 1 3 7 1 4 7 1 0 8 1 1 8 1 5 8 1 1 9 1 2 9 1 4 9 1 3 10 1 5 10 1 6 10 1 2 11 1 3 11 1 6 11 1
R 72 36 54 6 48 3 4 5 0 4 1 0 1 2 3 0 4 1 2 3 1 3 0 2 0 5 2 3 4 1 0 4 0 4 1 3 1 2 0 2 1 0 2 1 4 5 1 2 3 5 5 2 3 5 4 0 3 4 5 | 12 18  0 4 1 1 5 1 0 6 1 2 6 1 1 7 1 3 7 1 0 8 1 2 8 1 4 8 1 2 9 1 3 9 1 6 9 1 3 10 1 5 10 1 7 10 1 1 11 1 4 11 1 5 11 1
R 73 36 54 6 131 3 4 5 0 1 3 1 2 4 3 5 1 1 2 3 5 4 0 0 2 4 2 3 1 1 2 0 4 0 1 3 4 2 0 1 5 0 2 1 5 0 4 5 3 4 2 5 3 0 1 5 2 4 3 | 12 18  0 4 1 1 5 1 0 6 1 2 6 1 2 7 1 3 7 1 1 8 1 2 8 1 4 8 1 3 9 1 4 9 1 6 9 1 3 10 1 5 10 1 7 10 1 0 11 1 1 11 1 5 11 1
R 74 36 54 6 136 3 4 5 5 3 1 1 2 3 0 2 4 1 2 3 2 4 5 0 2 3 4 2 5 0 3 4 2 0 1 0 1 2 0 1 4 0 0 1 4 0 1 2 5 1 4 3 5 5 4 3 2 5 3 | 12 18  0 4 1 1 5 1 0 6 1 2 6 1 2 7 1 3 7 1 1 8 1 2 8 1 5 8 1 1 9 1 3 9 1 6 9 1 3 10 1 4 10 1 5 10 1 0 11 1 4 11 1 7 11 1
R 75 36 54 6 91 3 4 5 0 1 2 1 2 3 1 0 5 1 2 3 5 2 0 0 2 3 2 5 3 1 0 4 0 1 2 0 3 4 4 2 0 0 4 1 4 0 4 2 3 5 5 4 3 5 2 1 3 5 1 | 12 18  0 4 1 1 5 1 0 6 1 2 6 1 2 7 1 3 7 1 0 8 1 1 8 1 6 8 1 2 9 1 4 9 1 5 9 1 1 10 1 3 10 1 5 10 1 3 11 1 4 11 1 7 11 1
R 76 36 54 6 465 3 4 5 5 3 4 1 2 5 0 1 2 1 2 3 1 4 5 0 2 3 2 0 5 3 1 4 1 0 4 0 3 4 5 2 0 0 0 1 4 3 4 2 0 5 2 3 5 5 2 1 1 4 3 | 12 18  0 4 1 1 5 1 0 6 1 2 6 1 2 7 1 3 7 1 1 8 1 2 8 1 6 8 1 0 9 1 3 9 1 4 9 1 3 10 1 5 10 1 7 10 1 1 11 1 4 11 1 5 11 1
R 77 36 54 6 465 3 4 5 0 1 4 1 2 3 0 4 5 1 2 3 5 3 0 0 2 3 2 4 5 1 0 4 1 2 0 0 3 4 2 0 1 0 2 1 4 0 1 2 3 5 3 5 4 2 5 1 5 4 3 | 12 18  0 4 1 1 5 1 0 6 1 2 6 1 2 7 1 3 7 1 0 8 1 3 8 1 6 8 1 1 9 1 2 9 1 4 9 1 3 10 1 4 10 1 5 10 1 1 11 1 5 11 1 7 11 1
R 78 36 54 6 918 2 3 4 0 2 1 2 0 1 4 0 3 1 4 3 1 4 5 1 4 2 0 5 2 3 0 4 2 1 3 0 1 4 4 3 1 0 3 3 5 4 1 1 5 2 5 4 0 5 2 3 5 2 0 | 12 18  0 4 1 1 5 1 2 6 1 3 6 1 2 7 1 3 7 1 0 8 1 2 8 1 4 8 1 0 9 1 1 9 1 6 9 1 4 10 1 5 10 1 7 10 1 1 11 1 3 11 1 5 11 1
R 79 36 54 6 60 2 3 4 1 3 5 0 3 2 1 3 5 1 4 5 0 2 1 0 3 4 4 2 5 0 1 2 3 1 0 1 4 2 0 1 4 0 4 1 2 0 1 5 4 3 4 2 5 5 0 3 2 5 3 | 12 18  0 4 1 1 5 1 0 6 1 4 6 1 1 7 1 2 7 1 0 8 1 3 8 1 4 8 1 2 9 1 3 9 1 6 9 1 2 10 1 3 10 1 5 10 1 1 11 1 5 11 1 7 11 1
R 80 36 54 6 194 2 3 4 1 2 3 2 0 3 4 1 0 1 4 5 0 4 1 0 3 4 3 4 5 0 1 2 4 1 2 1 0 3 4 1 2 0 5 1 2 1 2 5 4 3 0 3 5 4 5 2 5 3 0 | 12 18  0 4 1 1 5 1 0 6 1 4 6 1 2 7 1 3 7 1 0 8 1 1 8 1 4 8 1 1 9 1 5 9 1 6 9 1 2 10 1 3 10 1 5 10 1 2 11 1 3 11 1 7 11 1
R 81 36 54 6 98 2 3 4 1 0 3 0 5 2 1 0 5 1 4 5 3 4 1 0 3 4 3 4 5 0 1 2 4 1 2 1 2 0 2 1 3 0 2 1 2 1 2 5 4 3 3 0 5 5 4 3 4 5 0 | 12 18  0 4 1 1 5 1 0 6 1 4 6 1 2 7 1 3 7 1 0 8 1 1 8 1 4 8 1 2 9 1 5 9 1 6 9 1 1 10 1 2 10 1 3 10 1 3 11 1 5 11 1 7 11 1
R 82 36 54 6 51 2 3 4 0 5 1 1 0 3 2 4 5 1 4 5 1 3 5 0 3 4 3 4 0 0 1 2 2 3 1 0 1 2 4 2 1 0 2 1 2 2 1 5 4 3 4 5 0 3 4 5 3 0 5 | 12 18  0 4 1 1 5 1 0 6 1 4 6 1 2 7 1 3 7 1 0 8 1 2 8 1 4 8 1 1 9 1 2 9 1 3 9 1 3 10 1 5 10 1 6 10 1 1 11 1 5 11 1 7 11 1
R 83 36 54 6 1396 2 3 4 4 0 5 1 0 3 2 4 5 1 4 5 3 2 5 0 3 4 3 4 0 0 1 2 1 2 4 4 1 0 1 2 3 0 1 1 2 2 1 5 4 3 3 5 0 2 3 5 0 4 5 | 12 18  0 4 1 1 5 1 0 6 1 4 6 1 2 7 1 3 7 1 0 8 1 2 8 1 4 8 1 1 9 1 2 9 1 5 9 1 1 10 1 3 10 1 6 10 1 3 11 1 5 11 1 7 11 1
R 84 36 54 6 217 2 3 4 0 2 1 1 2 3 5 4 0 1 4 5 1 3 5 0 3 4 0 3 1 0 1 2 4 2 1 3 4 2 1 5 0 0 4 1 2 5 2 5 4 3 3 0 5 5 1 0 3 2 4 | 12 18  0 4 1 1 5 1 0 6 1 4 6 1 2 7 1 3 7 1 0 8 1 2 8 1 4 8 1 1 9 1 2 9 1 6 9 1 1 10 1 3 10 1 5 10 1 3 11 1 5 11 1 7 11 1
R 85 36 54 6 29624 2 3 4 4 0 2 1 0 3 4 0 5 1 4 5 3 2 5 0 3 4 3 4 5 0 1 2 1 0 2 1 4 3 4 1 2 0 1 1 2 2 1 5 4 3 3 4 5 5 2 0 5 3 0 | 12 18  0 4 1 1 5 1 0 6 1 4 6 1 2 7 1 3 7 1 0 8 1 2 8 1 4 8 1 1 9 1 5 9 1 6 9 1 1 10 1 3 10 1 5 10 1 2 11 1 3 11 1 7 11 1
