R 1 30 45 6 47 1 2 3 0 2 5 0 1 3 2 3 4 4 0 1 3 4 5 2 0 1 0 1 3 1 2 3 0 4 2 0 1 2 4 3 5 5 4 2 4 0 5 5 1 3 | 10 15  0 5 1 1 5 1 2 5 1 0 6 1 1 6 1 3 6 1 0 7 1 1 7 1 4 7 1 2 8 1 3 8 1 4 8 1 2 9 1 3 9 1 4 9 1
R 2 30 45 6 197 1 2 3 0 2 4 0 1 4 3 0 5 5 2 1 3 4 5 5 0 1 1 0 2 1 0 2 2 3 4 0 1 2 4 2 3 5 3 4 5 3 4 5 1 0 | 10 15  0 5 1 1 5 1 2 5 1 0 6 1 3 6 1 4 6 1 0 7 1 1 7 1 3 7 1 1 8 1 2 8 1 4 8 1 2 9 1 3 9 1 4 9 1
R 3 30 45 6 444 3 4 5 1 2 3 0 2 4 0 1 5 1 2 3 0 2 4 0 3 5 1 5 2 1 0 2 4 0 1 0 1 5 2 4 1 0 3 4 5 3 4 2 5 3 | 10 15  0 4 1 0 5 1 1 5 1 0 6 1 1 6 1 2 6 1 1 7 1 2 7 1 3 7 1 2 8 1 3 8 1 4 8 1 3 9 1 4 9 1 5 9 1
R 4 30 45 6 116 3 4 5 2 1 0 2 4 5 0 3 1 1 2 3 0 2 3 1 0 4 1 0 2 3 1 4 3 2 0 0 1 4 2 3 5 3 5 4 0 2 5 5 1 4 | 10 15  0 4 1 0 5 1 1 5 1 0 6 1 1 6 1 5 6 1 2 7 1 3 7 1 4 7 1 2 8 1 3 8 1 4 8 1 1 9 1 2 9 1 3 9 1
R 5 30 45 6 260 3 4 5 2 1 3 0 4 1 0 4 2 1 2 3 3 0 1 4 1 3 4 0 2 1 0 4 0 3 5 0 4 5 0 2 5 1 5 3 2 3 5 1 4 2 | 10 15  0 4 1 1 5 1 2 5 1 1 6 1 2 6 1 3 6 1 0 7 1 1 7 1 2 7 1 0 8 1 3 8 1 4 8 1 3 9 1 4 9 1 5 9 1
R 6 30 45 6 52 2 3 4 1 3 4 0 5 3 0 1 2 1 4 3 2 5 1 3 0 4 0 1 3 1 0 4 0 4 2 0 0 4 1 5 2 5 2 4 5 2 3 1 5 3 | 10 15  0 4 1 1 5 1 2 5 1 0 6 1 3 6 1 4 6 1 0 7 1 1 7 1 3 7 1 1 8 1 2 8 1 3 8 1 2 9 1 4 9 1 5 9 1
R 7 30 45 6 185 2 3 4 2 0 4 3 1 0 0 1 3 1 4 5 4 3 5 3 0 4 1 0 2 1 0 4 3 1 2 0 1 2 1 5 2 5 4 3 3 5 2 5 4 0 | 10 15  0 4 1 1 5 1 2 5 1 0 6 1 3 6 1 4 6 1 0 7 1 3 7 1 4 7 1 1 8 1 2 8 1 3 8 1 1 9 1 2 9 1 5 9 1
R 8 30 45 6 39 3 4 5 0 1 2 3 0 4 1 0 2 1 2 3 4 5 1 1 3 2 0 2 3 3 2 0 1 0 4 0 3 2 4 5 0 1 5 4 1 5 4 2 3 5 | 10 15  0 4 1 1 5 1 2 5 1 1 6 1 2 6 1 5 6 1 0 7 1 1 7 1 3 7 1 2 8 1 3 8 1 4 8 1 0 9 1 3 9 1 4 9 1
R 9 30 45 6 78 3 4 5 0 4 2 1 5 0 1 2 5 1 2 3 2 1 0 0 2 3 1 0 4 5 0 2 3 1 4 0 3 4 1 4 5 2 5 3 1 3 4 2 0 5 | 10 15  0 4 1 1 5 1 2 5 1 0 6 1 3 6 1 5 6 1 0 7 1 1 7 1 3 7 1 1 8 1 2 8 1 4 8 1 2 9 1 3 9 1 4 9 1
R 10 30 45 6 235 3 4 5 0 1 2 3 0 4 0 1 5 1 2 3 2 3 1 2 4 5 1 0 4 0 3 1 3 5 0 0 4 5 1 3 0 2 3 5 5 2 4 1 2 4 | 10 15  0 4 1 1 5 1 2 5 1 0 6 1 3 6 1 5 6 1 0 7 1 1 7 1 4 7 1 1 8 1 2 8 1 3 8 1 2 9 1 3 9 1 4 9 1
R 11 30 45 6 107 2 3 4 2 0 1 3 5 0 5 4 1 1 4 3 1 4 0 0 3 1 3 0 4 2 0 4 3 1 2 0 3 2 4 2 5 1 5 2 5 1 3 4 0 5 | 10 15  0 4 1 1 5 1 2 5 1 1 6 1 3 6 1 5 6 1 0 7 1 1 7 1 4 7 1 0 8 1 2 8 1 3 8 1 2 9 1 3 9 1 4 9 1
R 12 30 45 6 46 2 3 4 1 4 5 0 3 2 5 0 1 1 4 3 2 0 1 0 3 4 0 1 3 1 3 4 4 0 2 0 3 4 1 2 5 5 2 4 0 5 2 1 3 5 | 10 15  0 4 1 1 5 1 2 5 1 0 6 1 4 6 1 5 6 1 0 7 1 1 7 1 3 7 1 1 8 1 2 8 1 3 8 1 2 9 1 3 9 1 4 9 1
R 13 30 45 6 44 3 4 5 1 3 2 1 0 4 1 2 3 2 4 1 5 3 0 0 2 3 1 0 2 0 3 4 0 1 2 0 0 2 1 4 5 5 3 4 2 5 1 5 3 4 | 10 15  0 3 1 1 4 1 2 5 1 0 6 1 1 6 1 2 6 1 1 7 1 2 7 1 3 7 1 0 8 1 4 8 1 5 8 1 3 9 1 4 9 1 5 9 1
R 14 30 45 6 56 3 4 5 1 5 2 0 4 1 1 2 3 0 2 4 1 5 0 0 2 3 0 3 5 1 3 4 0 1 3 0 3 3 1 4 5 2 4 1 0 5 2 2 5 4 | 10 15  0 3 1 1 4 1 2 5 1 0 6 1 1 6 1 2 6 1 2 7 1 3 7 1 4 7 1 1 8 1 3 8 1 5 8 1 0 9 1 4 9 1 5 9 1
R 15 30 45 6 46 2 3 4 0 2 1 0 1 4 1 4 3 1 4 5 2 5 0 3 0 4 0 1 3 2 3 4 0 1 3 0 3 3 1 5 2 5 4 2 5 0 1 5 2 4 | 10 15  0 3 1 1 4 1 2 5 1 0 6 1 1 6 1 3 6 1 0 7 1 1 7 1 2 7 1 2 8 1 4 8 1 5 8 1 3 9 1 4 9 1 5 9 1
R 16 30 45 6 60 2 3 4 0 2 1 0 3 2 1 4 3 1 4 5 4 1 0 3 0 4 1 0 3 3 5 1 0 4 2 0 3 5 1 5 2 5 4 2 4 0 2 1 5 3 | 10 15  0 3 1 1 4 1 2 5 1 0 6 1 1 6 1 3 6 1 0 7 1 2 7 1 4 7 1 1 8 1 4 8 1 5 8 1 2 9 1 3 9 1 5 9 1
R 17 30 45 6 109 2 3 4 0 2 1 0 1 5 1 4 3 1 4 5 5 2 0 3 0 4 1 0 3 1 2 3 0 5 3 0 3 3 1 5 2 5 4 2 5 0 4 4 2 1 | 10 15  0 3 1 1 4 1 2 5 1 0 6 1 1 6 1 3 6 1 0 7 1 2 7 1 4 7 1 3 8 1 4 8 1 5 8 1 1 9 1 2 9 1 5 9 1
R 18 30 45 6 64 2 3 4 1 3 5 1 2 3 1 4 5 0 2 1 0 3 4 3 4 0 0 1 2 4 1 2 4 2 3 0 4 1 2 2 5 5 4 3 0 3 5 0 5 1 | 10 15  0 3 1 1 4 1 0 5 1 3 5 1 1 6 1 2 6 1 0 7 1 2 7 1 3 7 1 2 8 1 4 8 1 5 8 1 1 9 1 4 9 1 6 9 1
R 19 30 45 6 139 2 3 4 2 5 0 1 0 3 1 4 5 0 1 5 0 3 4 3 5 4 0 1 2 2 1 3 3 1 0 0 3 1 2 1 2 5 4 3 5 4 0 4 2 5 | 10 15  0 3 1 1 4 1 0 5 1 3 5 1 1 6 1 2 6 1 0 7 1 2 7 1 3 7 1 2 8 1 4 8 1 6 8 1 1 9 1 4 9 1 5 9 1
