# balanced 4-colouring of K_16 found by SAT; re-verified from the definition
0 1 3
0 2 1
0 3 0
0 4 2
0 5 2
0 6 0
0 7 2
0 8 1
0 9 1
0 10 3
0 11 0
0 12 3
0 13 1
0 14 2
0 15 0
1 2 0
1 3 0
1 4 1
1 5 0
1 6 1
1 7 1
1 8 2
1 9 2
1 10 3
1 11 1
1 12 3
1 13 1
1 14 1
1 15 2
2 3 0
2 4 3
2 5 0
2 6 2
2 7 2
2 8 3
2 9 1
2 10 0
2 11 3
2 12 2
2 13 1
2 14 3
2 15 2
3 4 1
3 5 0
3 6 3
3 7 1
3 8 3
3 9 3
3 10 2
3 11 2
3 12 1
3 13 2
3 14 3
3 15 1
4 5 2
4 6 1
4 7 1
4 8 3
4 9 0
4 10 0
4 11 3
4 12 0
4 13 0
4 14 2
4 15 1
5 6 1
5 7 3
5 8 1
5 9 3
5 10 1
5 11 1
5 12 0
5 13 3
5 14 2
5 15 3
6 7 2
6 8 1
6 9 3
6 10 1
6 11 0
6 12 2
6 13 3
6 14 3
6 15 0
7 8 0
7 9 0
7 10 0
7 11 1
7 12 2
7 13 3
7 14 0
7 15 3
8 9 2
8 10 1
8 11 3
8 12 0
8 13 0
8 14 0
8 15 2
9 10 0
9 11 0
9 12 0
9 13 1
9 14 3
9 15 2
10 11 2
10 12 3
10 13 2
10 14 0
10 15 2
11 12 1
11 13 2
11 14 1
11 15 0
12 13 0
12 14 1
12 15 1
13 14 0
13 15 3
14 15 1
