# balanced 4-colouring of K_16 from AG(2,4), merge classes 0,1
# verified from the definition over all 4368 5-subsets
0 1 3
0 2 3
0 3 3
0 4 0
0 5 0
0 6 1
0 7 2
0 8 0
0 9 2
0 10 0
0 11 1
0 12 0
0 13 1
0 14 2
0 15 0
1 2 3
1 3 3
1 4 0
1 5 0
1 6 2
1 7 1
1 8 2
1 9 0
1 10 1
1 11 0
1 12 1
1 13 0
1 14 0
1 15 2
2 3 3
2 4 1
2 5 2
2 6 0
2 7 0
2 8 0
2 9 1
2 10 0
2 11 2
2 12 2
2 13 0
2 14 0
2 15 1
3 4 2
3 5 1
3 6 0
3 7 0
3 8 1
3 9 0
3 10 2
3 11 0
3 12 0
3 13 2
3 14 1
3 15 0
4 5 3
4 6 3
4 7 3
4 8 0
4 9 1
4 10 2
4 11 0
4 12 0
4 13 2
4 14 0
4 15 1
5 6 3
5 7 3
5 8 1
5 9 0
5 10 0
5 11 2
5 12 2
5 13 0
5 14 1
5 15 0
6 7 3
6 8 2
6 9 0
6 10 0
6 11 1
6 12 0
6 13 1
6 14 0
6 15 2
7 8 0
7 9 2
7 10 1
7 11 0
7 12 1
7 13 0
7 14 2
7 15 0
8 9 3
8 10 3
8 11 3
8 12 0
8 13 0
8 14 1
8 15 2
9 10 3
9 11 3
9 12 0
9 13 0
9 14 2
9 15 1
10 11 3
10 12 1
10 13 2
10 14 0
10 15 0
11 12 2
11 13 1
11 14 0
11 15 0
12 13 3
12 14 3
12 15 3
13 14 3
13 15 3
14 15 3
