# balanced 5-colouring of K_25 from AG(2,5), merge classes 0,1
# verified from the definition over all 177100 6-subsets
0 1 4
0 2 4
0 3 4
0 4 4
0 5 0
0 6 0
0 7 1
0 8 2
0 9 3
0 10 0
0 11 2
0 12 0
0 13 3
0 14 1
0 15 0
0 16 1
0 17 3
0 18 0
0 19 2
0 20 0
0 21 3
0 22 2
0 23 1
0 24 0
1 2 4
1 3 4
1 4 4
1 5 3
1 6 0
1 7 0
1 8 1
1 9 2
1 10 1
1 11 0
1 12 2
1 13 0
1 14 3
1 15 2
1 16 0
1 17 1
1 18 3
1 19 0
1 20 0
1 21 0
1 22 3
1 23 2
1 24 1
2 3 4
2 4 4
2 5 2
2 6 3
2 7 0
2 8 0
2 9 1
2 10 3
2 11 1
2 12 0
2 13 2
2 14 0
2 15 0
2 16 2
2 17 0
2 18 1
2 19 3
2 20 1
2 21 0
2 22 0
2 23 3
2 24 2
3 4 4
3 5 1
3 6 2
3 7 3
3 8 0
3 9 0
3 10 0
3 11 3
3 12 1
3 13 0
3 14 2
3 15 3
3 16 0
3 17 2
3 18 0
3 19 1
3 20 2
3 21 1
3 22 0
3 23 0
3 24 3
4 5 0
4 6 1
4 7 2
4 8 3
4 9 0
4 10 2
4 11 0
4 12 3
4 13 1
4 14 0
4 15 1
4 16 3
4 17 0
4 18 2
4 19 0
4 20 3
4 21 2
4 22 1
4 23 0
4 24 0
5 6 4
5 7 4
5 8 4
5 9 4
5 10 0
5 11 0
5 12 1
5 13 2
5 14 3
5 15 0
5 16 2
5 17 0
5 18 3
5 19 1
5 20 0
5 21 1
5 22 3
5 23 0
5 24 2
6 7 4
6 8 4
6 9 4
6 10 3
6 11 0
6 12 0
6 13 1
6 14 2
6 15 1
6 16 0
6 17 2
6 18 0
6 19 3
6 20 2
6 21 0
6 22 1
6 23 3
6 24 0
7 8 4
7 9 4
7 10 2
7 11 3
7 12 0
7 13 0
7 14 1
7 15 3
7 16 1
7 17 0
7 18 2
7 19 0
7 20 0
7 21 2
7 22 0
7 23 1
7 24 3
8 9 4
8 10 1
8 11 2
8 12 3
8 13 0
8 14 0
8 15 0
8 16 3
8 17 1
8 18 0
8 19 2
8 20 3
8 21 0
8 22 2
8 23 0
8 24 1
9 10 0
9 11 1
9 12 2
9 13 3
9 14 0
9 15 2
9 16 0
9 17 3
9 18 1
9 19 0
9 20 1
9 21 3
9 22 0
9 23 2
9 24 0
10 11 4
10 12 4
10 13 4
10 14 4
10 15 0
10 16 0
10 17 1
10 18 2
10 19 3
10 20 0
10 21 2
10 22 0
10 23 3
10 24 1
11 12 4
11 13 4
11 14 4
11 15 3
11 16 0
11 17 0
11 18 1
11 19 2
11 20 1
11 21 0
11 22 2
11 23 0
11 24 3
12 13 4
12 14 4
12 15 2
12 16 3
12 17 0
12 18 0
12 19 1
12 20 3
12 21 1
12 22 0
12 23 2
12 24 0
13 14 4
13 15 1
13 16 2
13 17 3
13 18 0
13 19 0
13 20 0
13 21 3
13 22 1
13 23 0
13 24 2
14 15 0
14 16 1
14 17 2
14 18 3
14 19 0
14 20 2
14 21 0
14 22 3
14 23 1
14 24 0
15 16 4
15 17 4
15 18 4
15 19 4
15 20 0
15 21 0
15 22 1
15 23 2
15 24 3
16 17 4
16 18 4
16 19 4
16 20 3
16 21 0
16 22 0
16 23 1
16 24 2
17 18 4
17 19 4
17 20 2
17 21 3
17 22 0
17 23 0
17 24 1
18 19 4
18 20 1
18 21 2
18 22 3
18 23 0
18 24 0
19 20 0
19 21 1
19 22 2
19 23 3
19 24 0
20 21 4
20 22 4
20 23 4
20 24 4
21 22 4
21 23 4
21 24 4
22 23 4
22 24 4
23 24 4
